   Time             I(L1)             V0              
 9.002000000E-003  1.035719501E+001  2.796337917E+002 
 9.003000000E-003  1.045485118E+001  2.792872367E+002 
 9.004000000E-003  1.055250735E+001  2.789411113E+002 
 9.005000000E-003  1.065016351E+001  2.785954147E+002 
 9.006000000E-003  1.074781968E+001  2.782501467E+002 
 9.007000000E-003  1.084547585E+001  2.779053065E+002 
 9.008000000E-003  1.094313201E+001  2.775608936E+002 
 9.009000000E-003  1.104078818E+001  2.772169077E+002 
 9.010000000E-003  1.113844434E+001  2.768733480E+002 
 9.011000000E-003  1.123610050E+001  2.765302141E+002 
 9.012000000E-003  1.133375666E+001  2.761875054E+002 
 9.013000000E-003  1.143141282E+001  2.758452215E+002 
 9.014000000E-003  1.152906899E+001  2.755033618E+002 
 9.015000000E-003  1.162672514E+001  2.751619257E+002 
 9.016000000E-003  1.172438130E+001  2.748209128E+002 
 9.017000000E-003  1.182203746E+001  2.744803226E+002 
 9.018000000E-003  1.191969362E+001  2.741401544E+002 
 9.019000000E-003  1.201734978E+001  2.738004078E+002 
 9.020000000E-003  1.211500593E+001  2.734610822E+002 
 9.021000000E-003  1.221266209E+001  2.731221772E+002 
 9.022000000E-003  1.231031824E+001  2.727836922E+002 
 9.023000000E-003  1.240797439E+001  2.724456267E+002 
 9.024000000E-003  1.250563055E+001  2.721079801E+002 
 9.025000000E-003  1.260328670E+001  2.717707520E+002 
 9.026000000E-003  1.270094285E+001  2.714339419E+002 
 9.027000000E-003  1.279859900E+001  2.710975491E+002 
 9.028000000E-003  1.289625515E+001  2.707615733E+002 
 9.029000000E-003  1.299391130E+001  2.704260138E+002 
 9.030000000E-003  1.309156745E+001  2.700908702E+002 
 9.031000000E-003  1.318922359E+001  2.697561419E+002 
 9.032000000E-003  1.328687974E+001  2.694218285E+002 
 9.033000000E-003  1.338453589E+001  2.690879294E+002 
 9.034000000E-003  1.348219203E+001  2.687544441E+002 
 9.035000000E-003  1.357984818E+001  2.684213721E+002 
 9.036000000E-003  1.367750432E+001  2.680887129E+002 
 9.037000000E-003  1.363541934E+001  2.683244886E+002 
 9.038000000E-003  1.352314559E+001  2.688382173E+002 
 9.039000000E-003  1.341057345E+001  2.693461986E+002 
 9.040000000E-003  1.329760745E+001  2.698465067E+002 
 9.041000000E-003  1.318425358E+001  2.703391267E+002 
 9.042000000E-003  1.307051786E+001  2.708240439E+002 
 9.043000000E-003  1.295640632E+001  2.713012444E+002 
 9.044000000E-003  1.284192499E+001  2.717707144E+002 
 9.045000000E-003  1.272707990E+001  2.722324406E+002 
 9.046000000E-003  1.261187713E+001  2.726864100E+002 
 9.047000000E-003  1.249632273E+001  2.731326101E+002 
 9.048000000E-003  1.238042277E+001  2.735710287E+002 
 9.049000000E-003  1.226418334E+001  2.740016541E+002 
 9.050000000E-003  1.214761054E+001  2.744244750E+002 
 9.051000000E-003  1.203071046E+001  2.748394804E+002 
 9.052000000E-003  1.191348922E+001  2.752466597E+002 
 9.053000000E-003  1.179595293E+001  2.756460027E+002 
 9.054000000E-003  1.167810772E+001  2.760374997E+002 
 9.055000000E-003  1.155995973E+001  2.764211413E+002 
 9.056000000E-003  1.144151508E+001  2.767969185E+002 
 9.057000000E-003  1.132277994E+001  2.771648227E+002 
 9.058000000E-003  1.120376045E+001  2.775248458E+002 
 9.059000000E-003  1.108446277E+001  2.778769799E+002 
 9.060000000E-003  1.096489308E+001  2.782212175E+002 
 9.061000000E-003  1.084505754E+001  2.785575518E+002 
 9.062000000E-003  1.072496232E+001  2.788859761E+002 
 9.063000000E-003  1.060461362E+001  2.792064841E+002 
 9.064000000E-003  1.048401762E+001  2.795190701E+002 
 9.065000000E-003  1.036318051E+001  2.798237286E+002 
 9.066000000E-003  1.024210848E+001  2.801204545E+002 
 9.067000000E-003  1.019379338E+001  2.801971455E+002 
 9.068000000E-003  1.029144955E+001  2.798500000E+002 
 9.069000000E-003  1.038910572E+001  2.795031771E+002 
 9.070000000E-003  1.048676188E+001  2.791567840E+002 
 9.071000000E-003  1.058441805E+001  2.788108202E+002 
 9.072000000E-003  1.068207422E+001  2.784652851E+002 
 9.073000000E-003  1.077973039E+001  2.781201783E+002 
 9.074000000E-003  1.087738655E+001  2.777754992E+002 
 9.075000000E-003  1.097504272E+001  2.774312472E+002 
 9.076000000E-003  1.107269888E+001  2.770874219E+002 
 9.077000000E-003  1.117035504E+001  2.767440227E+002 
 9.078000000E-003  1.126801121E+001  2.764010491E+002 
 9.079000000E-003  1.136566737E+001  2.760585005E+002 
 9.080000000E-003  1.146332353E+001  2.757163765E+002 
 9.081000000E-003  1.156097969E+001  2.753746764E+002 
 9.082000000E-003  1.165863585E+001  2.750333999E+002 
 9.083000000E-003  1.175629201E+001  2.746925462E+002 
 9.084000000E-003  1.185394816E+001  2.743521151E+002 
 9.085000000E-003  1.195160432E+001  2.740121058E+002 
 9.086000000E-003  1.204926048E+001  2.736725179E+002 
 9.087000000E-003  1.214691663E+001  2.733333508E+002 
 9.088000000E-003  1.224457279E+001  2.729946041E+002 
 9.089000000E-003  1.234222894E+001  2.726562772E+002 
 9.090000000E-003  1.243988509E+001  2.723183696E+002 
 9.091000000E-003  1.253754125E+001  2.719808807E+002 
 9.092000000E-003  1.263519740E+001  2.716438101E+002 
 9.093000000E-003  1.273285355E+001  2.713071573E+002 
 9.094000000E-003  1.283050970E+001  2.709709217E+002 
 9.095000000E-003  1.292816585E+001  2.706351028E+002 
 9.096000000E-003  1.302582200E+001  2.702997000E+002 
 9.097000000E-003  1.312347814E+001  2.699647130E+002 
 9.098000000E-003  1.322113429E+001  2.696301411E+002 
 9.099000000E-003  1.331879044E+001  2.692959838E+002 
 9.100000000E-003  1.341644658E+001  2.689622406E+002 
 9.101000000E-003  1.351410273E+001  2.686289111E+002 
 9.102000000E-003  1.361175887E+001  2.682959947E+002 
 9.103000000E-003  1.370941502E+001  2.679634909E+002 
 9.104000000E-003  1.359742032E+001  2.684823003E+002 
 9.105000000E-003  1.348502479E+001  2.689934551E+002 
 9.106000000E-003  1.337233237E+001  2.694988592E+002 
 9.107000000E-003  1.325924811E+001  2.699965858E+002 
 9.108000000E-003  1.314577800E+001  2.704866202E+002 
 9.109000000E-003  1.303192807E+001  2.709689478E+002 
 9.110000000E-003  1.291770434E+001  2.714435549E+002 
 9.111000000E-003  1.280311284E+001  2.719104277E+002 
 9.112000000E-003  1.268815962E+001  2.723695531E+002 
 9.113000000E-003  1.257285074E+001  2.728209182E+002 
 9.114000000E-003  1.245719227E+001  2.732645107E+002 
 9.115000000E-003  1.234119029E+001  2.737003186E+002 
 9.116000000E-003  1.222485088E+001  2.741283301E+002 
 9.117000000E-003  1.210818013E+001  2.745485342E+002 
 9.118000000E-003  1.199118416E+001  2.749609200E+002 
 9.119000000E-003  1.187386907E+001  2.753654769E+002 
 9.120000000E-003  1.175624098E+001  2.757621951E+002 
 9.121000000E-003  1.163830602E+001  2.761510649E+002 
 9.122000000E-003  1.152007033E+001  2.765320769E+002 
 9.123000000E-003  1.140154004E+001  2.769052224E+002 
 9.124000000E-003  1.128272131E+001  2.772704929E+002 
 9.125000000E-003  1.116362030E+001  2.776278804E+002 
 9.126000000E-003  1.104424316E+001  2.779773771E+002 
 9.127000000E-003  1.092459606E+001  2.783189757E+002 
 9.128000000E-003  1.080468518E+001  2.786526695E+002 
 9.129000000E-003  1.068451669E+001  2.789784519E+002 
 9.130000000E-003  1.056409677E+001  2.792963168E+002 
 9.131000000E-003  1.044343162E+001  2.796062585E+002 
 9.132000000E-003  1.032252743E+001  2.799082718E+002 
 9.133000000E-003  1.020139038E+001  2.802023517E+002 
 9.134000000E-003  1.022603993E+001  2.800661830E+002 
 9.135000000E-003  1.032369610E+001  2.797191997E+002 
 9.136000000E-003  1.042135227E+001  2.793725389E+002 
 9.137000000E-003  1.051900844E+001  2.790263077E+002 
 9.138000000E-003  1.061666461E+001  2.786805056E+002 
 9.139000000E-003  1.071432077E+001  2.783351321E+002 
 9.140000000E-003  1.081197694E+001  2.779901866E+002 
 9.141000000E-003  1.090963311E+001  2.776456685E+002 
 9.142000000E-003  1.100728927E+001  2.773015775E+002 
 9.143000000E-003  1.110494543E+001  2.769579129E+002 
 9.144000000E-003  1.120260160E+001  2.766146742E+002 
 9.145000000E-003  1.130025776E+001  2.762718609E+002 
 9.146000000E-003  1.139791392E+001  2.759294724E+002 
 9.147000000E-003  1.149557008E+001  2.755875083E+002 
 9.148000000E-003  1.159322624E+001  2.752459679E+002 
 9.149000000E-003  1.169088240E+001  2.749048509E+002 
 9.150000000E-003  1.178853856E+001  2.745641566E+002 
 9.151000000E-003  1.188619472E+001  2.742238845E+002 
 9.152000000E-003  1.198385087E+001  2.738840341E+002 
 9.153000000E-003  1.208150703E+001  2.735446049E+002 
 9.154000000E-003  1.217916318E+001  2.732055964E+002 
 9.155000000E-003  1.227681934E+001  2.728670080E+002 
 9.156000000E-003  1.237447549E+001  2.725288392E+002 
 9.157000000E-003  1.247213164E+001  2.721910895E+002 
 9.158000000E-003  1.256978780E+001  2.718537584E+002 
 9.159000000E-003  1.266744395E+001  2.715168454E+002 
 9.160000000E-003  1.276510010E+001  2.711803499E+002 
 9.161000000E-003  1.286275625E+001  2.708442715E+002 
 9.162000000E-003  1.296041240E+001  2.705086095E+002 
 9.163000000E-003  1.305806855E+001  2.701733635E+002 
 9.164000000E-003  1.315572469E+001  2.698385330E+002 
 9.165000000E-003  1.325338084E+001  2.695041175E+002 
 9.166000000E-003  1.335103699E+001  2.691701164E+002 
 9.167000000E-003  1.344869313E+001  2.688365293E+002 
 9.168000000E-003  1.354634928E+001  2.685033555E+002 
 9.169000000E-003  1.364400542E+001  2.681705947E+002 
 9.170000000E-003  1.367184902E+001  2.681232397E+002 
 9.171000000E-003  1.355973101E+001  2.686394998E+002 
 9.172000000E-003  1.344731313E+001  2.691500174E+002 
 9.173000000E-003  1.333449940E+001  2.696528682E+002 
 9.174000000E-003  1.322129581E+001  2.701480372E+002 
 9.175000000E-003  1.310770839E+001  2.706355096E+002 
 9.176000000E-003  1.299374314E+001  2.711152713E+002 
 9.177000000E-003  1.287940609E+001  2.715873084E+002 
 9.178000000E-003  1.276470329E+001  2.720516074E+002 
 9.179000000E-003  1.264964078E+001  2.725081553E+002 
 9.180000000E-003  1.253422463E+001  2.729569393E+002 
 9.181000000E-003  1.241846091E+001  2.733979473E+002 
 9.182000000E-003  1.230235569E+001  2.738311674E+002 
 9.183000000E-003  1.218591506E+001  2.742565880E+002 
 9.184000000E-003  1.206914513E+001  2.746741980E+002 
 9.185000000E-003  1.195205199E+001  2.750839868E+002 
 9.186000000E-003  1.183464177E+001  2.754859441E+002 
 9.187000000E-003  1.171692058E+001  2.758800599E+002 
 9.188000000E-003  1.159889456E+001  2.762663247E+002 
 9.189000000E-003  1.148056984E+001  2.766447294E+002 
 9.190000000E-003  1.136195257E+001  2.770152654E+002 
 9.191000000E-003  1.124304889E+001  2.773779242E+002 
 9.192000000E-003  1.112386496E+001  2.777326979E+002 
 9.193000000E-003  1.100440696E+001  2.780795790E+002 
 9.194000000E-003  1.088468104E+001  2.784185603E+002 
 9.195000000E-003  1.076469338E+001  2.787496351E+002 
 9.196000000E-003  1.064445015E+001  2.790727971E+002 
 9.197000000E-003  1.052395756E+001  2.793880402E+002 
 9.198000000E-003  1.040322177E+001  2.796953589E+002 
 9.199000000E-003  1.028224899E+001  2.799947480E+002 
 9.200000000E-003  1.016104542E+001  2.802862028E+002 
 9.201000000E-003  1.025870159E+001  2.799389469E+002 
 9.202000000E-003  1.035635776E+001  2.795921213E+002 
 9.203000000E-003  1.045401393E+001  2.792456179E+002 
 9.204000000E-003  1.055167009E+001  2.788995440E+002 
 9.205000000E-003  1.064932626E+001  2.785538990E+002 
 9.206000000E-003  1.074698243E+001  2.782086824E+002 
 9.207000000E-003  1.084463859E+001  2.778638936E+002 
 9.208000000E-003  1.094229476E+001  2.775195321E+002 
 9.209000000E-003  1.103995092E+001  2.771755974E+002 
 9.210000000E-003  1.113760708E+001  2.768320889E+002 
 9.211000000E-003  1.123526325E+001  2.764890061E+002 
 9.212000000E-003  1.133291941E+001  2.761463486E+002 
 9.213000000E-003  1.143057557E+001  2.758041156E+002 
 9.214000000E-003  1.152823173E+001  2.754623069E+002 
 9.215000000E-003  1.162588789E+001  2.751209217E+002 
 9.216000000E-003  1.172354405E+001  2.747799596E+002 
 9.217000000E-003  1.182120021E+001  2.744394201E+002 
 9.218000000E-003  1.191885636E+001  2.740993026E+002 
 9.219000000E-003  1.201651252E+001  2.737596066E+002 
 9.220000000E-003  1.211416868E+001  2.734203316E+002 
 9.221000000E-003  1.221182483E+001  2.730814771E+002 
 9.222000000E-003  1.230948099E+001  2.727430425E+002 
 9.223000000E-003  1.240713714E+001  2.724050274E+002 
 9.224000000E-003  1.250479329E+001  2.720674312E+002 
 9.225000000E-003  1.260244944E+001  2.717302533E+002 
 9.226000000E-003  1.270010560E+001  2.713934933E+002 
 9.227000000E-003  1.279776175E+001  2.710571507E+002 
 9.228000000E-003  1.289541790E+001  2.707212249E+002 
 9.229000000E-003  1.299307404E+001  2.703857155E+002 
 9.230000000E-003  1.309073019E+001  2.700506218E+002 
 9.231000000E-003  1.318838634E+001  2.697159434E+002 
 9.232000000E-003  1.328604249E+001  2.693816798E+002 
 9.233000000E-003  1.338369863E+001  2.690478305E+002 
 9.234000000E-003  1.348135478E+001  2.687143949E+002 
 9.235000000E-003  1.357901092E+001  2.683813725E+002 
 9.236000000E-003  1.367666706E+001  2.680487629E+002 
 9.237000000E-003  1.363460289E+001  2.682845540E+002 
 9.238000000E-003  1.352236034E+001  2.687982827E+002 
 9.239000000E-003  1.340981939E+001  2.693062654E+002 
 9.240000000E-003  1.329688458E+001  2.698065769E+002 
 9.241000000E-003  1.318356191E+001  2.702992021E+002 
 9.242000000E-003  1.306985738E+001  2.707841267E+002 
 9.243000000E-003  1.295577702E+001  2.712613363E+002 
 9.244000000E-003  1.284132686E+001  2.717308175E+002 
 9.245000000E-003  1.272651294E+001  2.721925567E+002 
 9.246000000E-003  1.261134132E+001  2.726465411E+002 
 9.247000000E-003  1.249581806E+001  2.730927581E+002 
 9.248000000E-003  1.237994923E+001  2.735311955E+002 
 9.249000000E-003  1.226374092E+001  2.739618417E+002 
 9.250000000E-003  1.214719921E+001  2.743846853E+002 
 9.251000000E-003  1.203033021E+001  2.747997153E+002 
 9.252000000E-003  1.191314002E+001  2.752069210E+002 
 9.253000000E-003  1.179563477E+001  2.756062925E+002 
 9.254000000E-003  1.167782057E+001  2.759978198E+002 
 9.255000000E-003  1.155970356E+001  2.763814936E+002 
 9.256000000E-003  1.144128988E+001  2.767573049E+002 
 9.257000000E-003  1.132258567E+001  2.771252451E+002 
 9.258000000E-003  1.120359708E+001  2.774853061E+002 
 9.259000000E-003  1.108433028E+001  2.778374799E+002 
 9.260000000E-003  1.096479143E+001  2.781817592E+002 
 9.261000000E-003  1.084498670E+001  2.785181370E+002 
 9.262000000E-003  1.072492226E+001  2.788466067E+002 
 9.263000000E-003  1.060460430E+001  2.791671619E+002 
 9.264000000E-003  1.048403900E+001  2.794797970E+002 
 9.265000000E-003  1.036323255E+001  2.797845064E+002 
 9.266000000E-003  1.024219114E+001  2.800812852E+002 
 9.267000000E-003  1.019389643E+001  2.801580288E+002 
 9.268000000E-003  1.029155260E+001  2.798109317E+002 
 9.269000000E-003  1.038920876E+001  2.794641573E+002 
 9.270000000E-003  1.048686493E+001  2.791178125E+002 
 9.271000000E-003  1.058452110E+001  2.787718970E+002 
 9.272000000E-003  1.068217727E+001  2.784264102E+002 
 9.273000000E-003  1.077983343E+001  2.780813516E+002 
 9.274000000E-003  1.087748960E+001  2.777367206E+002 
 9.275000000E-003  1.097514576E+001  2.773925167E+002 
 9.276000000E-003  1.107280193E+001  2.770487394E+002 
 9.277000000E-003  1.117045809E+001  2.767053881E+002 
 9.278000000E-003  1.126811425E+001  2.763624624E+002 
 9.279000000E-003  1.136577041E+001  2.760199616E+002 
 9.280000000E-003  1.146342658E+001  2.756778853E+002 
 9.281000000E-003  1.156108274E+001  2.753362330E+002 
 9.282000000E-003  1.165873890E+001  2.749950041E+002 
 9.283000000E-003  1.175639505E+001  2.746541980E+002 
 9.284000000E-003  1.185405121E+001  2.743138144E+002 
 9.285000000E-003  1.195170737E+001  2.739738525E+002 
 9.286000000E-003  1.204936352E+001  2.736343120E+002 
 9.287000000E-003  1.214701968E+001  2.732951923E+002 
 9.288000000E-003  1.224467583E+001  2.729564929E+002 
 9.289000000E-003  1.234233199E+001  2.726182132E+002 
 9.290000000E-003  1.243998814E+001  2.722803528E+002 
 9.291000000E-003  1.253764429E+001  2.719429111E+002 
 9.292000000E-003  1.263530045E+001  2.716058875E+002 
 9.293000000E-003  1.273295660E+001  2.712692817E+002 
 9.294000000E-003  1.283061275E+001  2.709330930E+002 
 9.295000000E-003  1.292826890E+001  2.705973210E+002 
 9.296000000E-003  1.302592505E+001  2.702619651E+002 
 9.297000000E-003  1.312358119E+001  2.699270248E+002 
 9.298000000E-003  1.322123734E+001  2.695924996E+002 
 9.299000000E-003  1.331889349E+001  2.692583890E+002 
 9.300000000E-003  1.341654963E+001  2.689246924E+002 
 9.301000000E-003  1.351420578E+001  2.685914094E+002 
 9.302000000E-003  1.361186192E+001  2.682585395E+002 
 9.303000000E-003  1.370951806E+001  2.679260820E+002 
 9.304000000E-003  1.359755256E+001  2.684449457E+002 
 9.305000000E-003  1.348518618E+001  2.689561563E+002 
 9.306000000E-003  1.337252288E+001  2.694616176E+002 
 9.307000000E-003  1.325946769E+001  2.699594032E+002 
 9.308000000E-003  1.314602661E+001  2.704494983E+002 
 9.309000000E-003  1.303220566E+001  2.709318884E+002 
 9.310000000E-003  1.291801085E+001  2.714065596E+002 
 9.311000000E-003  1.280344822E+001  2.718734983E+002 
 9.312000000E-003  1.268852383E+001  2.723326913E+002 
 9.313000000E-003  1.257324373E+001  2.727841258E+002 
 9.314000000E-003  1.245761397E+001  2.732277893E+002 
 9.315000000E-003  1.234164065E+001  2.736636699E+002 
 9.316000000E-003  1.222532984E+001  2.740917559E+002 
 9.317000000E-003  1.210868764E+001  2.745120361E+002 
 9.318000000E-003  1.199172015E+001  2.749244997E+002 
 9.319000000E-003  1.187443348E+001  2.753291362E+002 
 9.320000000E-003  1.175683375E+001  2.757259356E+002 
 9.321000000E-003  1.163892709E+001  2.761148882E+002 
 9.322000000E-003  1.152071962E+001  2.764959847E+002 
 9.323000000E-003  1.140221750E+001  2.768692164E+002 
 9.324000000E-003  1.128342687E+001  2.772345747E+002 
 9.325000000E-003  1.116435388E+001  2.775920516E+002 
 9.326000000E-003  1.104500470E+001  2.779416394E+002 
 9.327000000E-003  1.092538548E+001  2.782833308E+002 
 9.328000000E-003  1.080550241E+001  2.786171189E+002 
 9.329000000E-003  1.068536166E+001  2.789429973E+002 
 9.330000000E-003  1.056496940E+001  2.792609598E+002 
 9.331000000E-003  1.044433184E+001  2.795710007E+002 
 9.332000000E-003  1.032345515E+001  2.798731147E+002 
 9.333000000E-003  1.020234553E+001  2.801672970E+002 
 9.334000000E-003  1.022700420E+001  2.800311919E+002 
 9.335000000E-003  1.032466037E+001  2.796842519E+002 
 9.336000000E-003  1.042231653E+001  2.793376344E+002 
 9.337000000E-003  1.051997270E+001  2.789914465E+002 
 9.338000000E-003  1.061762887E+001  2.786456876E+002 
 9.339000000E-003  1.071528504E+001  2.783003572E+002 
 9.340000000E-003  1.081294120E+001  2.779554548E+002 
 9.341000000E-003  1.091059737E+001  2.776109798E+002 
 9.342000000E-003  1.100825353E+001  2.772669318E+002 
 9.343000000E-003  1.110590970E+001  2.769233101E+002 
 9.344000000E-003  1.120356586E+001  2.765801143E+002 
 9.345000000E-003  1.130122202E+001  2.762373438E+002 
 9.346000000E-003  1.139887818E+001  2.758949981E+002 
 9.347000000E-003  1.149653434E+001  2.755530767E+002 
 9.348000000E-003  1.159419050E+001  2.752115790E+002 
 9.349000000E-003  1.169184666E+001  2.748705046E+002 
 9.350000000E-003  1.178950282E+001  2.745298529E+002 
 9.351000000E-003  1.188715898E+001  2.741896233E+002 
 9.352000000E-003  1.198481513E+001  2.738498154E+002 
 9.353000000E-003  1.208247129E+001  2.735104286E+002 
 9.354000000E-003  1.218012745E+001  2.731714624E+002 
 9.355000000E-003  1.227778360E+001  2.728329163E+002 
 9.356000000E-003  1.237543975E+001  2.724947898E+002 
 9.357000000E-003  1.247309591E+001  2.721570823E+002 
 9.358000000E-003  1.257075206E+001  2.718197934E+002 
 9.359000000E-003  1.266840821E+001  2.714829224E+002 
 9.360000000E-003  1.276606436E+001  2.711464690E+002 
 9.361000000E-003  1.286372051E+001  2.708104325E+002 
 9.362000000E-003  1.296137666E+001  2.704748125E+002 
 9.363000000E-003  1.305903281E+001  2.701396084E+002 
 9.364000000E-003  1.315668896E+001  2.698048197E+002 
 9.365000000E-003  1.325434510E+001  2.694704460E+002 
 9.366000000E-003  1.335200125E+001  2.691364866E+002 
 9.367000000E-003  1.344965739E+001  2.688029412E+002 
 9.368000000E-003  1.354731354E+001  2.684698091E+002 
 9.369000000E-003  1.364496968E+001  2.681370898E+002 
 9.370000000E-003  1.367282199E+001  2.680897966E+002 
 9.371000000E-003  1.356073005E+001  2.686061601E+002 
 9.372000000E-003  1.344833817E+001  2.691167822E+002 
 9.373000000E-003  1.333555037E+001  2.696197390E+002 
 9.374000000E-003  1.322237262E+001  2.701150155E+002 
 9.375000000E-003  1.310881095E+001  2.706025969E+002 
 9.376000000E-003  1.299487137E+001  2.710824690E+002 
 9.377000000E-003  1.288055991E+001  2.715546180E+002 
 9.378000000E-003  1.276588260E+001  2.720190304E+002 
 9.379000000E-003  1.265084550E+001  2.724756931E+002 
 9.380000000E-003  1.253545467E+001  2.729245935E+002 
 9.381000000E-003  1.241971617E+001  2.733657192E+002 
 9.382000000E-003  1.230363608E+001  2.737990584E+002 
 9.383000000E-003  1.218722049E+001  2.742245995E+002 
 9.384000000E-003  1.207047550E+001  2.746423315E+002 
 9.385000000E-003  1.195340721E+001  2.750522437E+002 
 9.386000000E-003  1.183602174E+001  2.754543257E+002 
 9.387000000E-003  1.171832521E+001  2.758485677E+002 
 9.388000000E-003  1.160032374E+001  2.762349600E+002 
 9.389000000E-003  1.148202347E+001  2.766134937E+002 
 9.390000000E-003  1.136343055E+001  2.769841599E+002 
 9.391000000E-003  1.124455112E+001  2.773469503E+002 
 9.392000000E-003  1.112539134E+001  2.777018569E+002 
 9.393000000E-003  1.100595738E+001  2.780488723E+002 
 9.394000000E-003  1.088625539E+001  2.783879893E+002 
 9.395000000E-003  1.076629156E+001  2.787192011E+002 
 9.396000000E-003  1.064607206E+001  2.790425013E+002 
 9.397000000E-003  1.052560308E+001  2.793578840E+002 
 9.398000000E-003  1.040489080E+001  2.796653436E+002 
 9.399000000E-003  1.028394141E+001  2.799648750E+002 
 9.400000000E-003  1.016276112E+001  2.802564732E+002 
 9.401000000E-003  1.026041729E+001  2.799092541E+002 
 9.402000000E-003  1.035807346E+001  2.795624653E+002 
 9.403000000E-003  1.045572963E+001  2.792159987E+002 
 9.404000000E-003  1.055338580E+001  2.788699615E+002 
 9.405000000E-003  1.065104196E+001  2.785243532E+002 
 9.406000000E-003  1.074869813E+001  2.781791732E+002 
 9.407000000E-003  1.084635430E+001  2.778344209E+002 
 9.408000000E-003  1.094401046E+001  2.774900960E+002 
 9.409000000E-003  1.104166663E+001  2.771461977E+002 
 9.410000000E-003  1.113932279E+001  2.768027257E+002 
 9.411000000E-003  1.123697895E+001  2.764596793E+002 
 9.412000000E-003  1.133463511E+001  2.761170581E+002 
 9.413000000E-003  1.143229127E+001  2.757748614E+002 
 9.414000000E-003  1.152994743E+001  2.754330889E+002 
 9.415000000E-003  1.162760359E+001  2.750917400E+002 
 9.416000000E-003  1.172525975E+001  2.747508140E+002 
 9.417000000E-003  1.182291591E+001  2.744103106E+002 
 9.418000000E-003  1.192057207E+001  2.740702292E+002 
 9.419000000E-003  1.201822822E+001  2.737305693E+002 
 9.420000000E-003  1.211588438E+001  2.733913303E+002 
 9.421000000E-003  1.221354053E+001  2.730525117E+002 
 9.422000000E-003  1.231119669E+001  2.727141130E+002 
 9.423000000E-003  1.240885284E+001  2.723761337E+002 
 9.424000000E-003  1.250650900E+001  2.720385733E+002 
 9.425000000E-003  1.260416515E+001  2.717014312E+002 
 9.426000000E-003  1.270182130E+001  2.713647070E+002 
 9.427000000E-003  1.279947745E+001  2.710284000E+002 
 9.428000000E-003  1.289713360E+001  2.706925099E+002 
 9.429000000E-003  1.299478975E+001  2.703570360E+002 
 9.430000000E-003  1.309244590E+001  2.700219779E+002 
 9.431000000E-003  1.319010204E+001  2.696873350E+002 
 9.432000000E-003  1.328775819E+001  2.693531069E+002 
 9.433000000E-003  1.338541433E+001  2.690192929E+002 
 9.434000000E-003  1.348307048E+001  2.686858927E+002 
 9.435000000E-003  1.358072662E+001  2.683529056E+002 
 9.436000000E-003  1.367838277E+001  2.680203313E+002 
 9.437000000E-003  1.363633335E+001  2.682562296E+002 
 9.438000000E-003  1.352411284E+001  2.687701025E+002 
 9.439000000E-003  1.341159385E+001  2.692782303E+002 
 9.440000000E-003  1.329868089E+001  2.697786880E+002 
 9.441000000E-003  1.318537995E+001  2.702714607E+002 
 9.442000000E-003  1.307169704E+001  2.707565339E+002 
 9.443000000E-003  1.295763817E+001  2.712338933E+002 
 9.444000000E-003  1.284320939E+001  2.717035254E+002 
 9.445000000E-003  1.272841674E+001  2.721654167E+002 
 9.446000000E-003  1.261326626E+001  2.726195543E+002 
 9.447000000E-003  1.249776402E+001  2.730659256E+002 
 9.448000000E-003  1.238191609E+001  2.735045185E+002 
 9.449000000E-003  1.226572856E+001  2.739353213E+002 
 9.450000000E-003  1.214920751E+001  2.743583225E+002 
 9.451000000E-003  1.203235904E+001  2.747735112E+002 
 9.452000000E-003  1.191518927E+001  2.751808768E+002 
 9.453000000E-003  1.179770430E+001  2.755804092E+002 
 9.454000000E-003  1.167991026E+001  2.759720985E+002 
 9.455000000E-003  1.156181328E+001  2.763559353E+002 
 9.456000000E-003  1.144341950E+001  2.767319107E+002 
 9.457000000E-003  1.132473506E+001  2.771000160E+002 
 9.458000000E-003  1.120576612E+001  2.774602431E+002 
 9.459000000E-003  1.108651884E+001  2.778125841E+002 
 9.460000000E-003  1.096699937E+001  2.781570315E+002 
 9.461000000E-003  1.084721389E+001  2.784935785E+002 
 9.462000000E-003  1.072716857E+001  2.788222183E+002 
 9.463000000E-003  1.060686960E+001  2.791429447E+002 
 9.464000000E-003  1.048632315E+001  2.794557519E+002 
 9.465000000E-003  1.036553542E+001  2.797606344E+002 
 9.466000000E-003  1.024451259E+001  2.800575871E+002 
 9.467000000E-003  1.019623017E+001  2.801344571E+002 
 9.468000000E-003  1.029388634E+001  2.797873892E+002 
 9.469000000E-003  1.039154251E+001  2.794406439E+002 
 9.470000000E-003  1.048919868E+001  2.790943283E+002 
 9.471000000E-003  1.058685485E+001  2.787484419E+002 
 9.472000000E-003  1.068451102E+001  2.784029842E+002 
 9.473000000E-003  1.078216718E+001  2.780579546E+002 
 9.474000000E-003  1.087982335E+001  2.777133526E+002 
 9.475000000E-003  1.097747951E+001  2.773691777E+002 
 9.476000000E-003  1.107513568E+001  2.770254293E+002 
 9.477000000E-003  1.117279184E+001  2.766821069E+002 
 9.478000000E-003  1.127044800E+001  2.763392100E+002 
 9.479000000E-003  1.136810416E+001  2.759967381E+002 
 9.480000000E-003  1.146576032E+001  2.756546906E+002 
 9.481000000E-003  1.156341648E+001  2.753130670E+002 
 9.482000000E-003  1.166107264E+001  2.749718668E+002 
 9.483000000E-003  1.175872880E+001  2.746310894E+002 
 9.484000000E-003  1.185638496E+001  2.742907344E+002 
 9.485000000E-003  1.195404112E+001  2.739508012E+002 
 9.486000000E-003  1.205169727E+001  2.736112892E+002 
 9.487000000E-003  1.214935343E+001  2.732721980E+002 
 9.488000000E-003  1.224700958E+001  2.729335271E+002 
 9.489000000E-003  1.234466574E+001  2.725952759E+002 
 9.490000000E-003  1.244232189E+001  2.722574439E+002 
 9.491000000E-003  1.253997804E+001  2.719200306E+002 
 9.492000000E-003  1.263763419E+001  2.715830354E+002 
 9.493000000E-003  1.273529034E+001  2.712464579E+002 
 9.494000000E-003  1.283294649E+001  2.709102975E+002 
 9.495000000E-003  1.293060264E+001  2.705745537E+002 
 9.496000000E-003  1.302825879E+001  2.702392260E+002 
 9.497000000E-003  1.312591494E+001  2.699043139E+002 
 9.498000000E-003  1.322357109E+001  2.695698168E+002 
 9.499000000E-003  1.332122723E+001  2.692357343E+002 
 9.500000000E-003  1.341888338E+001  2.689020658E+002 
 9.501000000E-003  1.351653952E+001  2.685688109E+002 
 9.502000000E-003  1.361419567E+001  2.682359689E+002 
 9.503000000E-003  1.371185181E+001  2.679035395E+002 
 9.504000000E-003  1.359990382E+001  2.684225776E+002 
 9.505000000E-003  1.348755481E+001  2.689339636E+002 
 9.506000000E-003  1.337490878E+001  2.694396009E+002 
 9.507000000E-003  1.326187072E+001  2.699375633E+002 
 9.508000000E-003  1.314844663E+001  2.704278361E+002 
 9.509000000E-003  1.303464253E+001  2.709104047E+002 
 9.510000000E-003  1.292046444E+001  2.713852553E+002 
 9.511000000E-003  1.280591839E+001  2.718523742E+002 
 9.512000000E-003  1.269101043E+001  2.723117482E+002 
 9.513000000E-003  1.257574661E+001  2.727633644E+002 
 9.514000000E-003  1.246013301E+001  2.732072105E+002 
 9.515000000E-003  1.234417569E+001  2.736432745E+002 
 9.516000000E-003  1.222788075E+001  2.740715446E+002 
 9.517000000E-003  1.211125426E+001  2.744920097E+002 
 9.518000000E-003  1.199430234E+001  2.749046589E+002 
 9.519000000E-003  1.187703110E+001  2.753094817E+002 
 9.520000000E-003  1.175944665E+001  2.757064682E+002 
 9.521000000E-003  1.164155513E+001  2.760956086E+002 
 9.522000000E-003  1.152336265E+001  2.764768936E+002 
 9.523000000E-003  1.140487537E+001  2.768503145E+002 
 9.524000000E-003  1.128609943E+001  2.772158627E+002 
 9.525000000E-003  1.116704099E+001  2.775735302E+002 
 9.526000000E-003  1.104770620E+001  2.779233092E+002 
 9.527000000E-003  1.092810123E+001  2.782651925E+002 
 9.528000000E-003  1.080823225E+001  2.785991732E+002 
 9.529000000E-003  1.068810544E+001  2.789252447E+002 
 9.530000000E-003  1.056772698E+001  2.792434010E+002 
 9.531000000E-003  1.044710306E+001  2.795536364E+002 
 9.532000000E-003  1.032623986E+001  2.798559455E+002 
 9.533000000E-003  1.020514358E+001  2.801503234E+002 
 9.534000000E-003  1.022980664E+001  2.800142976E+002 
 9.535000000E-003  1.032746281E+001  2.796673786E+002 
 9.536000000E-003  1.042511898E+001  2.793207820E+002 
 9.537000000E-003  1.052277515E+001  2.789746150E+002 
 9.538000000E-003  1.062043131E+001  2.786288770E+002 
 9.539000000E-003  1.071808748E+001  2.782835674E+002 
 9.540000000E-003  1.081574365E+001  2.779386858E+002 
 9.541000000E-003  1.091339981E+001  2.775942316E+002 
 9.542000000E-003  1.101105598E+001  2.772502043E+002 
 9.543000000E-003  1.110871214E+001  2.769066034E+002 
 9.544000000E-003  1.120636830E+001  2.765634282E+002 
 9.545000000E-003  1.130402446E+001  2.762206784E+002 
 9.546000000E-003  1.140168063E+001  2.758783534E+002 
 9.547000000E-003  1.149933679E+001  2.755364526E+002 
 9.548000000E-003  1.159699295E+001  2.751949756E+002 
 9.549000000E-003  1.169464910E+001  2.748539217E+002 
 9.550000000E-003  1.179230526E+001  2.745132905E+002 
 9.551000000E-003  1.188996142E+001  2.741730815E+002 
 9.552000000E-003  1.198761758E+001  2.738332941E+002 
 9.553000000E-003  1.208527373E+001  2.734939277E+002 
 9.554000000E-003  1.218292989E+001  2.731549820E+002 
 9.555000000E-003  1.228058604E+001  2.728164564E+002 
 9.556000000E-003  1.237824220E+001  2.724783502E+002 
 9.557000000E-003  1.247589835E+001  2.721406631E+002 
 9.558000000E-003  1.257355450E+001  2.718033945E+002 
 9.559000000E-003  1.267121065E+001  2.714665439E+002 
 9.560000000E-003  1.276886680E+001  2.711301108E+002 
 9.561000000E-003  1.286652295E+001  2.707940945E+002 
 9.562000000E-003  1.296417910E+001  2.704584948E+002 
 9.563000000E-003  1.306183525E+001  2.701233109E+002 
 9.564000000E-003  1.315949140E+001  2.697885425E+002 
 9.565000000E-003  1.325714754E+001  2.694541889E+002 
 9.566000000E-003  1.335480369E+001  2.691202497E+002 
 9.567000000E-003  1.345245984E+001  2.687867243E+002 
 9.568000000E-003  1.355011598E+001  2.684536123E+002 
 9.569000000E-003  1.364777212E+001  2.681209131E+002 
 9.570000000E-003  1.367562863E+001  2.680736984E+002 
 9.571000000E-003  1.356354915E+001  2.685902577E+002 
 9.572000000E-003  1.345116962E+001  2.691010760E+002 
 9.573000000E-003  1.333839401E+001  2.696042295E+002 
 9.574000000E-003  1.322522830E+001  2.700997031E+002 
 9.575000000E-003  1.311167852E+001  2.705874823E+002 
 9.576000000E-003  1.299775067E+001  2.710675526E+002 
 9.577000000E-003  1.288345078E+001  2.715399003E+002 
 9.578000000E-003  1.276878490E+001  2.720045119E+002 
 9.579000000E-003  1.265375906E+001  2.724613742E+002 
 9.580000000E-003  1.253837933E+001  2.729104747E+002 
 9.581000000E-003  1.242265178E+001  2.733518009E+002 
 9.582000000E-003  1.230658249E+001  2.737853410E+002 
 9.583000000E-003  1.219017754E+001  2.742110835E+002 
 9.584000000E-003  1.207344303E+001  2.746290173E+002 
 9.585000000E-003  1.195638507E+001  2.750391316E+002 
 9.586000000E-003  1.183900976E+001  2.754414162E+002 
 9.587000000E-003  1.172132323E+001  2.758358611E+002 
 9.588000000E-003  1.160333161E+001  2.762224568E+002 
 9.589000000E-003  1.148504103E+001  2.766011941E+002 
 9.590000000E-003  1.136645764E+001  2.769720643E+002 
 9.591000000E-003  1.124758758E+001  2.773350591E+002 
 9.592000000E-003  1.112843701E+001  2.776901705E+002 
 9.593000000E-003  1.100901210E+001  2.780373909E+002 
 9.594000000E-003  1.088931900E+001  2.783767132E+002 
 9.595000000E-003  1.076936390E+001  2.787081305E+002 
 9.596000000E-003  1.064915297E+001  2.790316367E+002 
 9.597000000E-003  1.052869240E+001  2.793472255E+002 
 9.598000000E-003  1.040798836E+001  2.796548916E+002 
 9.599000000E-003  1.028704706E+001  2.799546296E+002 
 9.600000000E-003  1.016587469E+001  2.802464347E+002 
 9.601000000E-003  1.026353086E+001  2.798992281E+002 
 9.602000000E-003  1.036118703E+001  2.795524517E+002 
 9.603000000E-003  1.045884320E+001  2.792059975E+002 
 9.604000000E-003  1.055649937E+001  2.788599727E+002 
 9.605000000E-003  1.065415553E+001  2.785143768E+002 
 9.606000000E-003  1.075181170E+001  2.781692091E+002 
 9.607000000E-003  1.084946787E+001  2.778244692E+002 
 9.608000000E-003  1.094712403E+001  2.774801566E+002 
 9.609000000E-003  1.104478020E+001  2.771362707E+002 
 9.610000000E-003  1.114243636E+001  2.767928109E+002 
 9.611000000E-003  1.124009252E+001  2.764497768E+002 
 9.612000000E-003  1.133774868E+001  2.761071679E+002 
 9.613000000E-003  1.143540484E+001  2.757649835E+002 
 9.614000000E-003  1.153306100E+001  2.754232232E+002 
 9.615000000E-003  1.163071716E+001  2.750818865E+002 
 9.616000000E-003  1.172837332E+001  2.747409728E+002 
 9.617000000E-003  1.182602948E+001  2.744004816E+002 
 9.618000000E-003  1.192368564E+001  2.740604123E+002 
 9.619000000E-003  1.202134179E+001  2.737207646E+002 
 9.620000000E-003  1.211899795E+001  2.733815377E+002 
 9.621000000E-003  1.221665411E+001  2.730427313E+002 
 9.622000000E-003  1.231431026E+001  2.727043447E+002 
 9.623000000E-003  1.241196641E+001  2.723663775E+002 
 9.624000000E-003  1.250962257E+001  2.720288292E+002 
 9.625000000E-003  1.260727872E+001  2.716916992E+002 
 9.626000000E-003  1.270493487E+001  2.713549870E+002 
 9.627000000E-003  1.280259102E+001  2.710186921E+002 
 9.628000000E-003  1.290024717E+001  2.706828140E+002 
 9.629000000E-003  1.299790332E+001  2.703473521E+002 
 9.630000000E-003  1.309555947E+001  2.700123060E+002 
 9.631000000E-003  1.319321561E+001  2.696776751E+002 
 9.632000000E-003  1.329087176E+001  2.693434589E+002 
 9.633000000E-003  1.338852791E+001  2.690096570E+002 
 9.634000000E-003  1.348618405E+001  2.686762687E+002 
 9.635000000E-003  1.358384019E+001  2.683432935E+002 
 9.636000000E-003  1.368149634E+001  2.680107311E+002 
 9.637000000E-003  1.363945185E+001  2.682467712E+002 
 9.638000000E-003  1.352723861E+001  2.687608508E+002 
 9.639000000E-003  1.341472677E+001  2.692691856E+002 
 9.640000000E-003  1.330182079E+001  2.697698504E+002 
 9.641000000E-003  1.318852667E+001  2.702628304E+002 
 9.642000000E-003  1.307485042E+001  2.707481110E+002 
 9.643000000E-003  1.296079806E+001  2.712256780E+002 
 9.644000000E-003  1.284637562E+001  2.716955178E+002 
 9.645000000E-003  1.273158913E+001  2.721576170E+002 
 9.646000000E-003  1.261644467E+001  2.726119626E+002 
 9.647000000E-003  1.250094828E+001  2.730585421E+002 
 9.648000000E-003  1.238510604E+001  2.734973432E+002 
 9.649000000E-003  1.226892403E+001  2.739283543E+002 
 9.650000000E-003  1.215240834E+001  2.743515639E+002 
 9.651000000E-003  1.203556507E+001  2.747669611E+002 
 9.652000000E-003  1.191840033E+001  2.751745352E+002 
 9.653000000E-003  1.180092024E+001  2.755742762E+002 
 9.654000000E-003  1.168313091E+001  2.759661741E+002 
 9.655000000E-003  1.156503847E+001  2.763502196E+002 
 9.656000000E-003  1.144664908E+001  2.767264036E+002 
 9.657000000E-003  1.132796886E+001  2.770947176E+002 
 9.658000000E-003  1.120900398E+001  2.774551534E+002 
 9.659000000E-003  1.108976059E+001  2.778077030E+002 
 9.660000000E-003  1.097024486E+001  2.781523591E+002 
 9.661000000E-003  1.085046295E+001  2.784891147E+002 
 9.662000000E-003  1.073042103E+001  2.788179631E+002 
 9.663000000E-003  1.061012530E+001  2.791388980E+002 
 9.664000000E-003  1.048958193E+001  2.794519137E+002 
 9.665000000E-003  1.036879712E+001  2.797570045E+002 
 9.666000000E-003  1.024777705E+001  2.800541656E+002 
 9.667000000E-003  1.019949636E+001  2.801311758E+002 
 9.668000000E-003  1.029715253E+001  2.797841120E+002 
 9.669000000E-003  1.039480869E+001  2.794373707E+002 
 9.670000000E-003  1.049246486E+001  2.790910592E+002 
 9.671000000E-003  1.059012103E+001  2.787451768E+002 
 9.672000000E-003  1.068777720E+001  2.783997231E+002 
 9.673000000E-003  1.078543336E+001  2.780546976E+002 
 9.674000000E-003  1.088308953E+001  2.777100996E+002 
 9.675000000E-003  1.098074569E+001  2.773659287E+002 
 9.676000000E-003  1.107840186E+001  2.770221844E+002 
 9.677000000E-003  1.117605802E+001  2.766788660E+002 
 9.678000000E-003  1.127371418E+001  2.763359731E+002 
 9.679000000E-003  1.137137034E+001  2.759935052E+002 
 9.680000000E-003  1.146902651E+001  2.756514617E+002 
 9.681000000E-003  1.156668267E+001  2.753098421E+002 
 9.682000000E-003  1.166433882E+001  2.749686459E+002 
 9.683000000E-003  1.176199498E+001  2.746278725E+002 
 9.684000000E-003  1.185965114E+001  2.742875215E+002 
 9.685000000E-003  1.195730730E+001  2.739475922E+002 
 9.686000000E-003  1.205496345E+001  2.736080843E+002 
 9.687000000E-003  1.215261961E+001  2.732689971E+002 
 9.688000000E-003  1.225027576E+001  2.729303301E+002 
 9.689000000E-003  1.234793192E+001  2.725920829E+002 
 9.690000000E-003  1.244558807E+001  2.722542548E+002 
 9.691000000E-003  1.254324422E+001  2.719168454E+002 
 9.692000000E-003  1.264090037E+001  2.715798542E+002 
 9.693000000E-003  1.273855653E+001  2.712432806E+002 
 9.694000000E-003  1.283621268E+001  2.709071242E+002 
 9.695000000E-003  1.293386883E+001  2.705713843E+002 
 9.696000000E-003  1.303152497E+001  2.702360606E+002 
 9.697000000E-003  1.312918112E+001  2.699011524E+002 
 9.698000000E-003  1.322683727E+001  2.695666592E+002 
 9.699000000E-003  1.332449341E+001  2.692325806E+002 
 9.700000000E-003  1.342214956E+001  2.688989161E+002 
 9.701000000E-003  1.351980571E+001  2.685656650E+002 
 9.702000000E-003  1.361746185E+001  2.682328270E+002 
 9.703000000E-003  1.371511799E+001  2.679004014E+002 
 9.704000000E-003  1.360317233E+001  2.684196475E+002 
 9.705000000E-003  1.349082549E+001  2.689312413E+002 
 9.706000000E-003  1.337818150E+001  2.694370863E+002 
 9.707000000E-003  1.326514533E+001  2.699352564E+002 
 9.708000000E-003  1.315172296E+001  2.704257365E+002 
 9.709000000E-003  1.303792042E+001  2.709085125E+002 
 9.710000000E-003  1.292374372E+001  2.713835702E+002 
 9.711000000E-003  1.280919891E+001  2.718508960E+002 
 9.712000000E-003  1.269429202E+001  2.723104768E+002 
 9.713000000E-003  1.257902912E+001  2.727622996E+002 
 9.714000000E-003  1.246341627E+001  2.732063521E+002 
 9.715000000E-003  1.234745954E+001  2.736426222E+002 
 9.716000000E-003  1.223116502E+001  2.740710982E+002 
 9.717000000E-003  1.211453881E+001  2.744917690E+002 
 9.718000000E-003  1.199758700E+001  2.749046237E+002 
 9.719000000E-003  1.188031570E+001  2.753096517E+002 
 9.720000000E-003  1.176273104E+001  2.757068431E+002 
 9.721000000E-003  1.164483914E+001  2.760961882E+002 
 9.722000000E-003  1.152664614E+001  2.764776777E+002 
 9.723000000E-003  1.140815816E+001  2.768513026E+002 
 9.724000000E-003  1.128938137E+001  2.772170546E+002 
 9.725000000E-003  1.117032192E+001  2.775749256E+002 
 9.726000000E-003  1.105098596E+001  2.779249078E+002 
 9.727000000E-003  1.093137966E+001  2.782669939E+002 
 9.728000000E-003  1.081150920E+001  2.786011771E+002 
 9.729000000E-003  1.069138074E+001  2.789274508E+002 
 9.730000000E-003  1.057100048E+001  2.792458089E+002 
 9.731000000E-003  1.045037459E+001  2.795562457E+002 
 9.732000000E-003  1.032950928E+001  2.798587558E+002 
 9.733000000E-003  1.020841073E+001  2.801533343E+002 
 9.734000000E-003  1.023307298E+001  2.800173728E+002 
 9.735000000E-003  1.033072914E+001  2.796704500E+002 
 9.736000000E-003  1.042838531E+001  2.793238496E+002 
 9.737000000E-003  1.052604148E+001  2.789776788E+002 
 9.738000000E-003  1.062369765E+001  2.786319369E+002 
 9.739000000E-003  1.072135382E+001  2.782866236E+002 
 9.740000000E-003  1.081900998E+001  2.779417382E+002 
 9.741000000E-003  1.091666615E+001  2.775972802E+002 
 9.742000000E-003  1.101432231E+001  2.772532491E+002 
 9.743000000E-003  1.111197847E+001  2.769096444E+002 
 9.744000000E-003  1.120963464E+001  2.765664655E+002 
 9.745000000E-003  1.130729080E+001  2.762237120E+002 
 9.746000000E-003  1.140494696E+001  2.758813832E+002 
 9.747000000E-003  1.150260312E+001  2.755394786E+002 
 9.748000000E-003  1.160025928E+001  2.751979978E+002 
 9.749000000E-003  1.169791544E+001  2.748569402E+002 
 9.750000000E-003  1.179557160E+001  2.745163053E+002 
 9.751000000E-003  1.189322776E+001  2.741760925E+002 
 9.752000000E-003  1.199088391E+001  2.738363013E+002 
 9.753000000E-003  1.208854007E+001  2.734969313E+002 
 9.754000000E-003  1.218619622E+001  2.731579819E+002 
 9.755000000E-003  1.228385238E+001  2.728194525E+002 
 9.756000000E-003  1.238150853E+001  2.724813426E+002 
 9.757000000E-003  1.247916468E+001  2.721436518E+002 
 9.758000000E-003  1.257682084E+001  2.718063795E+002 
 9.759000000E-003  1.267447699E+001  2.714695252E+002 
 9.760000000E-003  1.277213314E+001  2.711330884E+002 
 9.761000000E-003  1.286978929E+001  2.707970685E+002 
 9.762000000E-003  1.296744544E+001  2.704614650E+002 
 9.763000000E-003  1.306510159E+001  2.701262775E+002 
 9.764000000E-003  1.316275773E+001  2.697915053E+002 
 9.765000000E-003  1.326041388E+001  2.694571481E+002 
 9.766000000E-003  1.335807003E+001  2.691232052E+002 
 9.767000000E-003  1.345572617E+001  2.687896762E+002 
 9.768000000E-003  1.355338232E+001  2.684565605E+002 
 9.769000000E-003  1.365103846E+001  2.681238577E+002 
 9.770000000E-003  1.367889419E+001  2.680767073E+002 
 9.771000000E-003  1.356681224E+001  2.685934666E+002 
 9.772000000E-003  1.345443012E+001  2.691044847E+002 
 9.773000000E-003  1.334165177E+001  2.696078376E+002 
 9.774000000E-003  1.322848317E+001  2.701035102E+002 
 9.775000000E-003  1.311493033E+001  2.705914878E+002 
 9.776000000E-003  1.300099928E+001  2.710717562E+002 
 9.777000000E-003  1.288669603E+001  2.715443015E+002 
 9.778000000E-003  1.277202663E+001  2.720091102E+002 
 9.779000000E-003  1.265699712E+001  2.724661692E+002 
 9.780000000E-003  1.254161357E+001  2.729154658E+002 
 9.781000000E-003  1.242588205E+001  2.733569877E+002 
 9.782000000E-003  1.230980863E+001  2.737907231E+002 
 9.783000000E-003  1.219339940E+001  2.742166603E+002 
 9.784000000E-003  1.207666045E+001  2.746347883E+002 
 9.785000000E-003  1.195959791E+001  2.750450963E+002 
 9.786000000E-003  1.184221786E+001  2.754475740E+002 
 9.787000000E-003  1.172452645E+001  2.758422115E+002 
 9.788000000E-003  1.160652979E+001  2.762289992E+002 
 9.789000000E-003  1.148823403E+001  2.766079280E+002 
 9.790000000E-003  1.136964530E+001  2.769789892E+002 
 9.791000000E-003  1.125076975E+001  2.773421743E+002 
 9.792000000E-003  1.113161355E+001  2.776974754E+002 
 9.793000000E-003  1.101218286E+001  2.780448850E+002 
 9.794000000E-003  1.089248383E+001  2.783843959E+002 
 9.795000000E-003  1.077252266E+001  2.787160012E+002 
 9.796000000E-003  1.065230550E+001  2.790396947E+002 
 9.797000000E-003  1.053183856E+001  2.793554703E+002 
 9.798000000E-003  1.041112801E+001  2.796633224E+002 
 9.799000000E-003  1.029018005E+001  2.799632459E+002 
 9.800000000E-003  1.016900088E+001  2.802552358E+002 
 9.801000000E-003  1.026665705E+001  2.799080183E+002 
 9.802000000E-003  1.036431322E+001  2.795612310E+002 
 9.803000000E-003  1.046196939E+001  2.792147659E+002 
 9.804000000E-003  1.055962555E+001  2.788687303E+002 
 9.805000000E-003  1.065728172E+001  2.785231235E+002 
 9.806000000E-003  1.075493789E+001  2.781779450E+002 
 9.807000000E-003  1.085259405E+001  2.778331943E+002 
 9.808000000E-003  1.095025022E+001  2.774888708E+002 
 9.809000000E-003  1.104790638E+001  2.771449741E+002 
 9.810000000E-003  1.114556255E+001  2.768015036E+002 
 9.811000000E-003  1.124321871E+001  2.764584587E+002 
 9.812000000E-003  1.134087487E+001  2.761158390E+002 
 9.813000000E-003  1.143853103E+001  2.757736439E+002 
 9.814000000E-003  1.153618719E+001  2.754318729E+002 
 9.815000000E-003  1.163384335E+001  2.750905254E+002 
 9.816000000E-003  1.173149951E+001  2.747496010E+002 
 9.817000000E-003  1.182915567E+001  2.744090991E+002 
 9.818000000E-003  1.192681183E+001  2.740690192E+002 
 9.819000000E-003  1.202446798E+001  2.737293607E+002 
 9.820000000E-003  1.212212414E+001  2.733901232E+002 
 9.821000000E-003  1.221978029E+001  2.730513061E+002 
 9.822000000E-003  1.231743645E+001  2.727129090E+002 
 9.823000000E-003  1.241509260E+001  2.723749312E+002 
 9.824000000E-003  1.251274875E+001  2.720373722E+002 
 9.825000000E-003  1.261040490E+001  2.717002316E+002 
 9.826000000E-003  1.270806106E+001  2.713635089E+002 
 9.827000000E-003  1.280571721E+001  2.710272034E+002 
 9.828000000E-003  1.290337336E+001  2.706913147E+002 
 9.829000000E-003  1.300102950E+001  2.703558423E+002 
 9.830000000E-003  1.309868565E+001  2.700207857E+002 
 9.831000000E-003  1.319634180E+001  2.696861443E+002 
 9.832000000E-003  1.329399795E+001  2.693519176E+002 
 9.833000000E-003  1.339165409E+001  2.690181052E+002 
 9.834000000E-003  1.348931024E+001  2.686847064E+002 
 9.835000000E-003  1.358696638E+001  2.683517208E+002 
 9.836000000E-003  1.368462252E+001  2.680191479E+002 
 9.837000000E-003  1.364257359E+001  2.682553076E+002 
 9.838000000E-003  1.353035358E+001  2.687695712E+002 
 9.839000000E-003  1.341783485E+001  2.692780895E+002 
 9.840000000E-003  1.330492185E+001  2.697789373E+002 
 9.841000000E-003  1.319162056E+001  2.702720994E+002 
 9.842000000E-003  1.307793699E+001  2.707575616E+002 
 9.843000000E-003  1.296387718E+001  2.712353095E+002 
 9.844000000E-003  1.284944714E+001  2.717053294E+002 
 9.845000000E-003  1.273465292E+001  2.721676081E+002 
 9.846000000E-003  1.261950058E+001  2.726221324E+002 
 9.847000000E-003  1.250399618E+001  2.730688899E+002 
 9.848000000E-003  1.238814578E+001  2.735078683E+002 
 9.849000000E-003  1.227195548E+001  2.739390560E+002 
 9.850000000E-003  1.215543137E+001  2.743624414E+002 
 9.851000000E-003  1.203857953E+001  2.747780136E+002 
 9.852000000E-003  1.192140609E+001  2.751857621E+002 
 9.853000000E-003  1.180391715E+001  2.755856766E+002 
 9.854000000E-003  1.168611885E+001  2.759777473E+002 
 9.855000000E-003  1.156801731E+001  2.763619648E+002 
 9.856000000E-003  1.144961867E+001  2.767383200E+002 
 9.857000000E-003  1.133092908E+001  2.771068045E+002 
 9.858000000E-003  1.121195469E+001  2.774674098E+002 
 9.859000000E-003  1.109270165E+001  2.778201283E+002 
 9.860000000E-003  1.097317615E+001  2.781649524E+002 
 9.861000000E-003  1.085338433E+001  2.785018752E+002 
 9.862000000E-003  1.073333239E+001  2.788308899E+002 
 9.863000000E-003  1.061302649E+001  2.791519903E+002 
 9.864000000E-003  1.049247283E+001  2.794651706E+002 
 9.865000000E-003  1.037167759E+001  2.797704253E+002 
 9.866000000E-003  1.025064698E+001  2.800677493E+002 
 9.867000000E-003  1.020235916E+001  2.801448620E+002 
 9.868000000E-003  1.030001533E+001  2.797977812E+002 
 9.869000000E-003  1.039767150E+001  2.794510230E+002 
 9.870000000E-003  1.049532767E+001  2.791046945E+002 
 9.871000000E-003  1.059298384E+001  2.787587953E+002 
 9.872000000E-003  1.069064001E+001  2.784133247E+002 
 9.873000000E-003  1.078829617E+001  2.780682823E+002 
 9.874000000E-003  1.088595234E+001  2.777236675E+002 
 9.875000000E-003  1.098360850E+001  2.773794798E+002 
 9.876000000E-003  1.108126467E+001  2.770357186E+002 
 9.877000000E-003  1.117892083E+001  2.766923835E+002 
 9.878000000E-003  1.127657699E+001  2.763494739E+002 
 9.879000000E-003  1.137423315E+001  2.760069892E+002 
 9.880000000E-003  1.147188931E+001  2.756649290E+002 
 9.881000000E-003  1.156954547E+001  2.753232927E+002 
 9.882000000E-003  1.166720163E+001  2.749820798E+002 
 9.883000000E-003  1.176485779E+001  2.746412898E+002 
 9.884000000E-003  1.186251395E+001  2.743009221E+002 
 9.885000000E-003  1.196017011E+001  2.739609763E+002 
 9.886000000E-003  1.205782626E+001  2.736214518E+002 
 9.887000000E-003  1.215548242E+001  2.732823480E+002 
 9.888000000E-003  1.225313857E+001  2.729436645E+002 
 9.889000000E-003  1.235079473E+001  2.726054007E+002 
 9.890000000E-003  1.244845088E+001  2.722675561E+002 
 9.891000000E-003  1.254610703E+001  2.719301303E+002 
 9.892000000E-003  1.264376318E+001  2.715931226E+002 
 9.893000000E-003  1.274141933E+001  2.712565326E+002 
 9.894000000E-003  1.283907548E+001  2.709203597E+002 
 9.895000000E-003  1.293673163E+001  2.705846034E+002 
 9.896000000E-003  1.303438778E+001  2.702492633E+002 
 9.897000000E-003  1.313204393E+001  2.699143387E+002 
 9.898000000E-003  1.322970008E+001  2.695798292E+002 
 9.899000000E-003  1.332735622E+001  2.692457343E+002 
 9.900000000E-003  1.342501237E+001  2.689120535E+002 
 9.901000000E-003  1.352266851E+001  2.685787861E+002 
 9.902000000E-003  1.362032466E+001  2.682459318E+002 
 9.903000000E-003  1.371798080E+001  2.679134900E+002 
 9.904000000E-003  1.360602482E+001  2.684328981E+002 
 9.905000000E-003  1.349366753E+001  2.689446532E+002 
 9.906000000E-003  1.338101300E+001  2.694506588E+002 
 9.907000000E-003  1.326796616E+001  2.699489885E+002 
 9.908000000E-003  1.315453301E+001  2.704396275E+002 
 9.909000000E-003  1.304071955E+001  2.709225614E+002 
 9.910000000E-003  1.292653182E+001  2.713977762E+002 
 9.911000000E-003  1.281197584E+001  2.718652583E+002 
 9.912000000E-003  1.269705768E+001  2.723249943E+002 
 9.913000000E-003  1.258178337E+001  2.727769715E+002 
 9.914000000E-003  1.246615900E+001  2.732211775E+002 
 9.915000000E-003  1.235019063E+001  2.736576002E+002 
 9.916000000E-003  1.223388435E+001  2.740862279E+002 
 9.917000000E-003  1.211724625E+001  2.745070494E+002 
 9.918000000E-003  1.200028245E+001  2.749200539E+002 
 9.919000000E-003  1.188299904E+001  2.753252308E+002 
 9.920000000E-003  1.176540215E+001  2.757225701E+002 
 9.921000000E-003  1.164749791E+001  2.761120621E+002 
 9.922000000E-003  1.152929244E+001  2.764936976E+002 
 9.923000000E-003  1.141079190E+001  2.768674676E+002 
 9.924000000E-003  1.129200242E+001  2.772333637E+002 
 9.925000000E-003  1.117293017E+001  2.775913777E+002 
 9.926000000E-003  1.105358130E+001  2.779415021E+002 
 9.927000000E-003  1.093396198E+001  2.782837293E+002 
 9.928000000E-003  1.081407839E+001  2.786180527E+002 
 9.929000000E-003  1.069393670E+001  2.789444655E+002 
 9.930000000E-003  1.057354309E+001  2.792629617E+002 
 9.931000000E-003  1.045290375E+001  2.795735357E+002 
 9.932000000E-003  1.033202487E+001  2.798761819E+002 
 9.933000000E-003  1.021091265E+001  2.801708955E+002 
 9.934000000E-003  1.023557031E+001  2.800349642E+002 
 9.935000000E-003  1.033322648E+001  2.796880196E+002 
 9.936000000E-003  1.043088265E+001  2.793413974E+002 
 9.937000000E-003  1.052853882E+001  2.789952048E+002 
 9.938000000E-003  1.062619498E+001  2.786494412E+002 
 9.939000000E-003  1.072385115E+001  2.783041062E+002 
 9.940000000E-003  1.082150732E+001  2.779591991E+002 
 9.941000000E-003  1.091916348E+001  2.776147195E+002 
 9.942000000E-003  1.101681965E+001  2.772706668E+002 
 9.943000000E-003  1.111447581E+001  2.769270405E+002 
 9.944000000E-003  1.121213197E+001  2.765838401E+002 
 9.945000000E-003  1.130978813E+001  2.762410650E+002 
 9.946000000E-003  1.140744429E+001  2.758987147E+002 
 9.947000000E-003  1.150510046E+001  2.755567887E+002 
 9.948000000E-003  1.160275662E+001  2.752152864E+002 
 9.949000000E-003  1.170041277E+001  2.748742074E+002 
 9.950000000E-003  1.179806893E+001  2.745335510E+002 
 9.951000000E-003  1.189572509E+001  2.741933169E+002 
 9.952000000E-003  1.199338125E+001  2.738535044E+002 
 9.953000000E-003  1.209103740E+001  2.735141130E+002 
 9.954000000E-003  1.218869356E+001  2.731751423E+002 
 9.955000000E-003  1.228634971E+001  2.728365917E+002 
 9.956000000E-003  1.238400587E+001  2.724984606E+002 
 9.957000000E-003  1.248166202E+001  2.721607486E+002 
 9.958000000E-003  1.257931817E+001  2.718234551E+002 
 9.959000000E-003  1.267697432E+001  2.714865796E+002 
 9.960000000E-003  1.277463047E+001  2.711501216E+002 
 9.961000000E-003  1.287228662E+001  2.708140806E+002 
 9.962000000E-003  1.296994277E+001  2.704784560E+002 
 9.963000000E-003  1.306759892E+001  2.701432474E+002 
 9.964000000E-003  1.316525507E+001  2.698084543E+002 
 9.965000000E-003  1.326291121E+001  2.694740760E+002 
 9.966000000E-003  1.336056736E+001  2.691401122E+002 
 9.967000000E-003  1.345822351E+001  2.688065622E+002 
 9.968000000E-003  1.355587965E+001  2.684734256E+002 
 9.969000000E-003  1.365353579E+001  2.681407019E+002 
 9.970000000E-003  1.368138713E+001  2.680935826E+002 
 9.971000000E-003  1.356929192E+001  2.686104760E+002 
 9.972000000E-003  1.345689646E+001  2.691216275E+002 
 9.973000000E-003  1.334410466E+001  2.696251127E+002 
 9.974000000E-003  1.323092252E+001  2.701209167E+002 
 9.975000000E-003  1.311735603E+001  2.706090247E+002 
 9.976000000E-003  1.300341122E+001  2.710894224E+002 
 9.977000000E-003  1.288909412E+001  2.715620961E+002 
 9.978000000E-003  1.277441077E+001  2.720270321E+002 
 9.979000000E-003  1.265936721E+001  2.724842173E+002 
 9.980000000E-003  1.254396951E+001  2.729336392E+002 
 9.981000000E-003  1.242822374E+001  2.733752853E+002 
 9.982000000E-003  1.231213598E+001  2.738091438E+002 
 9.983000000E-003  1.219571231E+001  2.742352031E+002 
 9.984000000E-003  1.207895883E+001  2.746534521E+002 
 9.985000000E-003  1.196188166E+001  2.750638801E+002 
 9.986000000E-003  1.184448689E+001  2.754664767E+002 
 9.987000000E-003  1.172678067E+001  2.758612320E+002 
 9.988000000E-003  1.160876910E+001  2.762481365E+002 
 9.989000000E-003  1.149045834E+001  2.766271810E+002 
 9.990000000E-003  1.137185453E+001  2.769983568E+002 
 9.991000000E-003  1.125296381E+001  2.773616554E+002 
 9.992000000E-003  1.113379234E+001  2.777170690E+002 
 9.993000000E-003  1.101434630E+001  2.780645899E+002 
 9.994000000E-003  1.089463184E+001  2.784042110E+002 
 9.995000000E-003  1.077465514E+001  2.787359254E+002 
 9.996000000E-003  1.065442237E+001  2.790597269E+002 
 9.997000000E-003  1.053393974E+001  2.793756094E+002 
 9.998000000E-003  1.041321342E+001  2.796835673E+002 
 9.999000000E-003  1.029224960E+001  2.799835955E+002 
 1.000000000E-002  1.017105449E+001  2.802756890E+002 
