   Time             I(C0)             I(L0)             I(R0)             V0              
 9.002000000E-003  1.172252355E+001  2.153949310E+001  9.816939826E+000  1.472540974E+002 
 9.003000000E-003  1.147754341E+001  2.132326154E+001  9.845688360E+000  1.476853254E+002 
 9.004000000E-003  1.123254482E+001  2.110640436E+001  9.873829733E+000  1.481074460E+002 
 9.005000000E-003  1.098754114E+001  2.088893491E+001  9.901363916E+000  1.485204587E+002 
 9.006000000E-003  1.074254575E+001  2.067086656E+001  9.928290914E+000  1.489243637E+002 
 9.007000000E-003  1.049757195E+001  2.045221264E+001  9.954610762E+000  1.493191614E+002 
 9.008000000E-003  1.025263303E+001  2.023298653E+001  9.980323532E+000  1.497048530E+002 
 9.009000000E-003  1.000774223E+001  2.001320156E+001  1.000542932E+001  1.500814399E+002 
 9.010000000E-003  9.762912768E+000  1.979287109E+001  1.002992828E+001  1.504489242E+002 
 9.011000000E-003  9.518157822E+000  1.957200846E+001  1.005382056E+001  1.508073084E+002 
 9.012000000E-003  9.273490531E+000  1.935062702E+001  1.007710637E+001  1.511565955E+002 
 9.013000000E-003  9.028923997E+000  1.912874009E+001  1.009978594E+001  1.514967891E+002 
 9.014000000E-003  8.784471286E+000  1.890636101E+001  1.012185954E+001  1.518278931E+002 
 9.015000000E-003  8.540145423E+000  1.868350311E+001  1.014332747E+001  1.521499120E+002 
 9.016000000E-003  8.295959396E+000  1.846017969E+001  1.016419005E+001  1.524628508E+002 
 9.017000000E-003  8.051926153E+000  1.823640408E+001  1.018444765E+001  1.527667148E+002 
 9.018000000E-003  7.808058599E+000  1.801218958E+001  1.020410067E+001  1.530615101E+002 
 9.019000000E-003 -1.018693188E+001  1.815129769E+001  1.018690160E+001  1.528035240E+002 
 9.020000000E-003 -1.016173227E+001  1.837123875E+001  1.016170203E+001  1.524255304E+002 
 9.021000000E-003 -1.013657943E+001  1.859117980E+001  1.013654923E+001  1.520482384E+002 
 9.022000000E-003 -1.011148885E+001  1.881112084E+001  1.011145868E+001  1.516718802E+002 
 9.023000000E-003 -1.008646037E+001  1.903106189E+001  1.008643024E+001  1.512964537E+002 
 9.024000000E-003 -1.006149385E+001  1.925100293E+001  1.006146376E+001  1.509219564E+002 
 9.025000000E-003 -1.003658913E+001  1.947094397E+001  1.003655907E+001  1.505483861E+002 
 9.026000000E-003 -1.001174605E+001  1.969088500E+001  1.001171603E+001  1.501757404E+002 
 9.027000000E-003 -9.986964459E+000  1.991082603E+001  9.986934479E+000  1.498040172E+002 
 9.028000000E-003 -9.962244213E+000  2.013076705E+001  9.962214270E+000  1.494332141E+002 
 9.029000000E-003 -9.937585156E+000  2.035070808E+001  9.937555250E+000  1.490633287E+002 
 9.030000000E-003 -9.912987136E+000  2.057064910E+001  9.912957267E+000  1.486943590E+002 
 9.031000000E-003 -9.888450003E+000  2.079059011E+001  9.888420170E+000  1.483263025E+002 
 9.032000000E-003 -9.863973604E+000  2.101053112E+001  9.863943809E+000  1.479591571E+002 
 9.033000000E-003 -9.839557792E+000  2.123047213E+001  9.839528032E+000  1.475929205E+002 
 9.034000000E-003 -9.815202414E+000  2.145041314E+001  9.815172691E+000  1.472275904E+002 
 9.035000000E-003 -9.790907322E+000  2.167035414E+001  9.790877636E+000  1.468631645E+002 
 9.036000000E-003 -9.766672367E+000  2.189029514E+001  9.766642717E+000  1.464996408E+002 
 9.037000000E-003  1.205653854E+001  2.183344581E+001  9.776877600E+000  1.466531640E+002 
 9.038000000E-003  1.181159339E+001  2.161792532E+001  9.806302215E+000  1.470945332E+002 
 9.039000000E-003  1.156662403E+001  2.140192529E+001  9.835271505E+000  1.475290726E+002 
 9.040000000E-003  1.132163134E+001  2.118529479E+001  9.863633656E+000  1.479545048E+002 
 9.041000000E-003  1.107662870E+001  2.096804717E+001  9.891388625E+000  1.483708294E+002 
 9.042000000E-003  1.083162950E+001  2.075019578E+001  9.918536404E+000  1.487780461E+002 
 9.043000000E-003  1.058664704E+001  2.053175398E+001  9.945077020E+000  1.491761553E+002 
 9.044000000E-003  1.034169464E+001  2.031273512E+001  9.971010529E+000  1.495651579E+002 
 9.045000000E-003  1.009678554E+001  2.009315256E+001  9.996337022E+000  1.499450553E+002 
 9.046000000E-003  9.851932981E+000  1.987301964E+001  1.002105662E+001  1.503158494E+002 
 9.047000000E-003  9.607150147E+000  1.965234971E+001  1.004516949E+001  1.506775423E+002 
 9.048000000E-003  9.362450192E+000  1.943115611E+001  1.006867581E+001  1.510301372E+002 
 9.049000000E-003  9.117846232E+000  1.920945218E+001  1.009157581E+001  1.513736371E+002 
 9.050000000E-003  8.873351346E+000  1.898725125E+001  1.011386973E+001  1.517080460E+002 
 9.051000000E-003  8.628978574E+000  1.876456665E+001  1.013555787E+001  1.520333681E+002 
 9.052000000E-003  8.384740918E+000  1.854141170E+001  1.015664055E+001  1.523496082E+002 
 9.053000000E-003  8.140651340E+000  1.831779972E+001  1.017711811E+001  1.526567716E+002 
 9.054000000E-003  7.896722762E+000  1.809374400E+001  1.019699094E+001  1.529548641E+002 
 9.055000000E-003 -1.019604529E+001  1.807127021E+001  1.019601500E+001  1.529402249E+002 
 9.056000000E-003 -1.017082313E+001  1.829121127E+001  1.017079288E+001  1.525618932E+002 
 9.057000000E-003 -1.014564779E+001  1.851115232E+001  1.014561757E+001  1.521842636E+002 
 9.058000000E-003 -1.012053476E+001  1.873109337E+001  1.012050458E+001  1.518075687E+002 
 9.059000000E-003 -1.009548390E+001  1.895103441E+001  1.009545375E+001  1.514318063E+002 
 9.060000000E-003 -1.007049504E+001  1.917097545E+001  1.007046493E+001  1.510569740E+002 
 9.061000000E-003 -1.004556803E+001  1.939091649E+001  1.004553797E+001  1.506830695E+002 
 9.062000000E-003 -1.002070273E+001  1.961085753E+001  1.002067270E+001  1.503100905E+002 
 9.063000000E-003 -9.995898972E+000  1.983079856E+001  9.995868978E+000  1.499380347E+002 
 9.064000000E-003 -9.971156611E+000  2.005073958E+001  9.971126654E+000  1.495668998E+002 
 9.065000000E-003 -9.946475493E+000  2.027068061E+001  9.946445574E+000  1.491966836E+002 
 9.066000000E-003 -9.921855467E+000  2.049062163E+001  9.921825585E+000  1.488273838E+002 
 9.067000000E-003 -9.897296382E+000  2.071056265E+001  9.897266537E+000  1.484589980E+002 
 9.068000000E-003 -9.872798087E+000  2.093050366E+001  9.872768278E+000  1.480915242E+002 
 9.069000000E-003 -9.848360432E+000  2.115044467E+001  9.848330659E+000  1.477249599E+002 
 9.070000000E-003 -9.823983265E+000  2.137038567E+001  9.823953530E+000  1.473593029E+002 
 9.071000000E-003 -9.799666439E+000  2.159032668E+001  9.799636739E+000  1.469945511E+002 
 9.072000000E-003 -9.775409802E+000  2.181026768E+001  9.775380139E+000  1.466307021E+002 
 9.073000000E-003  1.214562493E+001  2.191167785E+001  9.766023273E+000  1.464903491E+002 
 9.074000000E-003  1.190069405E+001  2.169639245E+001  9.795668699E+000  1.469350305E+002 
 9.075000000E-003  1.165573531E+001  2.148062387E+001  9.824858822E+000  1.473728823E+002 
 9.076000000E-003  1.141074835E+001  2.126421995E+001  9.853441825E+000  1.478016274E+002 
 9.077000000E-003  1.116574658E+001  2.104719406E+001  9.881417655E+000  1.482212648E+002 
 9.078000000E-003  1.092074339E+001  2.082955955E+001  9.908786292E+000  1.486317944E+002 
 9.079000000E-003  1.067575211E+001  2.061132976E+001  9.935547749E+000  1.490332162E+002 
 9.080000000E-003  1.043078605E+001  2.039251806E+001  9.961702071E+000  1.494255311E+002 
 9.081000000E-003  1.018585848E+001  2.017313780E+001  9.987249338E+000  1.498087401E+002 
 9.082000000E-003  9.940982648E+000  1.995320233E+001  1.001218966E+001  1.501828449E+002 
 9.083000000E-003  9.696171749E+000  1.973272499E+001  1.003652319E+001  1.505478478E+002 
 9.084000000E-003  9.451438951E+000  1.951171913E+001  1.006025009E+001  1.509037513E+002 
 9.085000000E-003  9.206797386E+000  1.929019809E+001  1.008337058E+001  1.512505587E+002 
 9.086000000E-003  8.962260145E+000  1.906817521E+001  1.010588490E+001  1.515882735E+002 
 9.087000000E-003  8.717840283E+000  1.884566380E+001  1.012779333E+001  1.519168999E+002 
 9.088000000E-003  8.473550816E+000  1.862267721E+001  1.014909617E+001  1.522364425E+002 
 9.089000000E-003  8.229404720E+000  1.839922873E+001  1.016979376E+001  1.525469064E+002 
 9.090000000E-003  7.985414932E+000  1.817533169E+001  1.018988647E+001  1.528482971E+002 
 9.091000000E-003 -1.020532362E+001  1.799138786E+001  1.020529331E+001  1.530793997E+002 
 9.092000000E-003 -1.018007851E+001  1.821132892E+001  1.018004824E+001  1.527007236E+002 
 9.093000000E-003 -1.015488026E+001  1.843126997E+001  1.015485003E+001  1.523227504E+002 
 9.094000000E-003 -1.012974438E+001  1.865121102E+001  1.012971419E+001  1.519457128E+002 
 9.095000000E-003 -1.010467072E+001  1.887115207E+001  1.010464056E+001  1.515696084E+002 
 9.096000000E-003 -1.007965912E+001  1.909109311E+001  1.007962900E+001  1.511944350E+002 
 9.097000000E-003 -1.005470943E+001  1.931103415E+001  1.005467935E+001  1.508201902E+002 
 9.098000000E-003 -1.002982150E+001  1.953097519E+001  1.002979146E+001  1.504468718E+002 
 9.099000000E-003 -1.000499517E+001  1.975091622E+001  1.000496516E+001  1.500744775E+002 
 9.100000000E-003 -9.980230295E+000  1.997085725E+001  9.980200325E+000  1.497030049E+002 
 9.101000000E-003 -9.955526718E+000  2.019079827E+001  9.955496785E+000  1.493324518E+002 
 9.102000000E-003 -9.930884288E+000  2.041073929E+001  9.930854392E+000  1.489628159E+002 
 9.103000000E-003 -9.906302854E+000  2.063068031E+001  9.906272995E+000  1.485940949E+002 
 9.104000000E-003 -9.881782266E+000  2.085062133E+001  9.881752443E+000  1.482262867E+002 
 9.105000000E-003 -9.857322372E+000  2.107056234E+001  9.857292586E+000  1.478593888E+002 
 9.106000000E-003 -9.832923023E+000  2.129050334E+001  9.832893274E+000  1.474933991E+002 
 9.107000000E-003 -9.808584068E+000  2.151044435E+001  9.808554355E+000  1.471283153E+002 
 9.108000000E-003 -9.784305358E+000  2.173038535E+001  9.784275682E+000  1.467641352E+002 
 9.109000000E-003 -9.760086744E+000  2.195032634E+001  9.760057104E+000  1.464008566E+002 
 9.110000000E-003  1.198977726E+001  2.177478252E+001  9.784975582E+000  1.467746337E+002 
 9.111000000E-003  1.174482221E+001  2.155908665E+001  9.814234722E+000  1.472135208E+002 
 9.112000000E-003  1.149984569E+001  2.134291398E+001  9.843038523E+000  1.476455778E+002 
 9.113000000E-003  1.125484949E+001  2.112611447E+001  9.871235172E+000  1.480685276E+002 
 9.114000000E-003  1.100984699E+001  2.090870148E+001  9.898824634E+000  1.484823695E+002 
 9.115000000E-003  1.076485156E+001  2.069068836E+001  9.925806913E+000  1.488871037E+002 
 9.116000000E-003  1.051987651E+001  2.047208848E+001  9.952182040E+000  1.492827306E+002 
 9.117000000E-003  1.027493512E+001  2.025291517E+001  9.977950084E+000  1.496692513E+002 
 9.118000000E-003  1.003004065E+001  2.003318180E+001  1.000311114E+001  1.500466672E+002 
 9.119000000E-003  9.785206307E+000  1.981290170E+001  1.002766535E+001  1.504149803E+002 
 9.120000000E-003  9.540445282E+000  1.959208824E+001  1.005161288E+001  1.507741932E+002 
 9.121000000E-003  9.295770713E+000  1.937075474E+001  1.007495391E+001  1.511243087E+002 
 9.122000000E-003  9.051195706E+000  1.914891455E+001  1.009768869E+001  1.514653304E+002 
 9.123000000E-003  8.806733331E+000  1.892658099E+001  1.011981748E+001  1.517972622E+002 
 9.124000000E-003  8.562396615E+000  1.870376739E+001  1.014134056E+001  1.521201084E+002 
 9.125000000E-003  8.318198552E+000  1.848048707E+001  1.016225828E+001  1.524338741E+002 
 9.126000000E-003  8.074152090E+000  1.825675334E+001  1.018257098E+001  1.527385647E+002 
 9.127000000E-003  7.830270142E+000  1.803257951E+001  1.020227906E+001  1.530341859E+002 
 9.128000000E-003 -1.018915123E+001  1.813128191E+001  1.018912095E+001  1.528368142E+002 
 9.129000000E-003 -1.016394613E+001  1.835122297E+001  1.016391588E+001  1.524587382E+002 
 9.130000000E-003 -1.013878781E+001  1.857116402E+001  1.013875760E+001  1.520813640E+002 
 9.131000000E-003 -1.011369176E+001  1.879110507E+001  1.011366159E+001  1.517049238E+002 
 9.132000000E-003 -1.008865783E+001  1.901104611E+001  1.008862770E+001  1.513294155E+002 
 9.133000000E-003 -1.006368587E+001  1.923098715E+001  1.006365577E+001  1.509548366E+002 
 9.134000000E-003 -1.003877572E+001  1.945092819E+001  1.003874566E+001  1.505811849E+002 
 9.135000000E-003 -1.001392723E+001  1.967086922E+001  1.001389721E+001  1.502084581E+002 
 9.136000000E-003 -9.989140240E+000  1.989081025E+001  9.989110257E+000  1.498366539E+002 
 9.137000000E-003 -9.964414609E+000  2.011075128E+001  9.964384662E+000  1.494657699E+002 
 9.138000000E-003 -9.939750179E+000  2.033069230E+001  9.939720270E+000  1.490958040E+002 
 9.139000000E-003 -9.915146800E+000  2.055063332E+001  9.915116928E+000  1.487267539E+002 
 9.140000000E-003 -9.890604321E+000  2.077057434E+001  9.890574485E+000  1.483586173E+002 
 9.141000000E-003 -9.866122590E+000  2.099051535E+001  9.866092791E+000  1.479913919E+002 
 9.142000000E-003 -9.841701458E+000  2.121045636E+001  9.841671696E+000  1.476250754E+002 
 9.143000000E-003 -9.817340775E+000  2.143039736E+001  9.817311049E+000  1.472596657E+002 
 9.144000000E-003 -9.793040390E+000  2.165033836E+001  9.793010700E+000  1.468951605E+002 
 9.145000000E-003 -9.768800154E+000  2.187027936E+001  9.768770501E+000  1.465315575E+002 
 9.146000000E-003  1.207885696E+001  2.185299568E+001  9.774109052E+000  1.466116358E+002 
 9.147000000E-003  1.183391647E+001  2.163753516E+001  9.803588988E+000  1.470538348E+002 
 9.148000000E-003  1.158895084E+001  2.142159420E+001  9.832613606E+000  1.474892041E+002 
 9.149000000E-003  1.134396066E+001  2.120502155E+001  9.861031093E+000  1.479154664E+002 
 9.150000000E-003  1.109895932E+001  2.098783056E+001  9.888841403E+000  1.483326210E+002 
 9.151000000E-003  1.085396019E+001  2.077003459E+001  9.916044525E+000  1.487406679E+002 
 9.152000000E-003  1.060897659E+001  2.055164699E+001  9.942640481E+000  1.491396072E+002 
 9.153000000E-003  1.036402183E+001  2.033268111E+001  9.968629327E+000  1.495294399E+002 
 9.154000000E-003  1.011910917E+001  2.011315031E+001  9.994011149E+000  1.499101672E+002 
 9.155000000E-003  9.874251836E+000  1.989306793E+001  1.001878607E+001  1.502817911E+002 
 9.156000000E-003  9.629463026E+000  1.967244733E+001  1.004295424E+001  1.506443136E+002 
 9.157000000E-003  9.384755895E+000  1.945130185E+001  1.006651585E+001  1.509977378E+002 
 9.158000000E-003  9.140143563E+000  1.922964482E+001  1.008947112E+001  1.513420668E+002 
 9.159000000E-003  8.895639112E+000  1.900748957E+001  1.011182029E+001  1.516773044E+002 
 9.160000000E-003  8.651255586E+000  1.878484944E+001  1.013356365E+001  1.520034548E+002 
 9.161000000E-003  8.407005989E+000  1.856173775E+001  1.015470153E+001  1.523205229E+002 
 9.162000000E-003  8.162903288E+000  1.833816780E+001  1.017523425E+001  1.526285138E+002 
 9.163000000E-003  7.918960407E+000  1.811415291E+001  1.019516221E+001  1.529274332E+002 
 9.164000000E-003 -1.019829743E+001  1.805130186E+001  1.019826713E+001  1.529740069E+002 
 9.165000000E-003 -1.017306970E+001  1.827124292E+001  1.017303944E+001  1.525955916E+002 
 9.166000000E-003 -1.014788879E+001  1.849118397E+001  1.014785857E+001  1.522178786E+002 
 9.167000000E-003 -1.012277022E+001  1.871112502E+001  1.012274004E+001  1.518411005E+002 
 9.168000000E-003 -1.009771382E+001  1.893106606E+001  1.009768367E+001  1.514652551E+002 
 9.169000000E-003 -1.007271944E+001  1.915100710E+001  1.007268933E+001  1.510903400E+002 
 9.170000000E-003 -1.004778693E+001  1.937094814E+001  1.004775686E+001  1.507163529E+002 
 9.171000000E-003 -1.002291613E+001  1.959088918E+001  1.002288610E+001  1.503432915E+002 
 9.172000000E-003 -9.998106898E+000  1.981083021E+001  9.998076901E+000  1.499711535E+002 
 9.173000000E-003 -9.973359072E+000  2.003077124E+001  9.973329112E+000  1.495999367E+002 
 9.174000000E-003 -9.948672503E+000  2.025071226E+001  9.948642580E+000  1.492296387E+002 
 9.175000000E-003 -9.924047039E+000  2.047065328E+001  9.924017153E+000  1.488602573E+002 
 9.176000000E-003 -9.899482529E+000  2.069059430E+001  9.899452680E+000  1.484917902E+002 
 9.177000000E-003 -9.874978823E+000  2.091053531E+001  9.874949010E+000  1.481242352E+002 
 9.178000000E-003 -9.850535769E+000  2.113047632E+001  9.850505993E+000  1.477575899E+002 
 9.179000000E-003 -9.826153218E+000  2.135041733E+001  9.826123479E+000  1.473918522E+002 
 9.180000000E-003 -9.801831021E+000  2.157035833E+001  9.801801318E+000  1.470270198E+002 
 9.181000000E-003 -9.777569026E+000  2.179029933E+001  9.777539360E+000  1.466630904E+002 
 9.182000000E-003  1.216796250E+001  2.193127432E+001  9.763282173E+000  1.464492326E+002 
 9.183000000E-003  1.192303563E+001  2.171604829E+001  9.792982966E+000  1.468947445E+002 
 9.184000000E-003  1.167807997E+001  2.150033817E+001  9.822228462E+000  1.473334269E+002 
 9.185000000E-003  1.143309488E+001  2.128399150E+001  9.850866845E+000  1.477630027E+002 
 9.186000000E-003  1.118809376E+001  2.106702163E+001  9.878898057E+000  1.481834709E+002 
 9.187000000E-003  1.094308999E+001  2.084944193E+001  9.906322077E+000  1.485948312E+002 
 9.188000000E-003  1.069809692E+001  2.063126573E+001  9.933138913E+000  1.489970837E+002 
 9.189000000E-003  1.045312785E+001  2.041250640E+001  9.959348609E+000  1.493902291E+002 
 9.190000000E-003  1.020819607E+001  2.019317729E+001  9.984951241E+000  1.497742686E+002 
 9.191000000E-003  9.963314823E+000  1.997329176E+001  1.000994692E+001  1.501492038E+002 
 9.192000000E-003  9.718497304E+000  1.975286314E+001  1.003433578E+001  1.505150367E+002 
 9.193000000E-003  9.473756687E+000  1.953190478E+001  1.005811800E+001  1.508717701E+002 
 9.194000000E-003  9.229106108E+000  1.931043002E+001  1.008129379E+001  1.512194069E+002 
 9.195000000E-003  8.984558660E+000  1.908845221E+001  1.010386339E+001  1.515579509E+002 
 9.196000000E-003  8.740127403E+000  1.886598466E+001  1.012582707E+001  1.518874060E+002 
 9.197000000E-003  8.495825356E+000  1.864304070E+001  1.014718512E+001  1.522077769E+002 
 9.198000000E-003  8.251665498E+000  1.841963365E+001  1.016793790E+001  1.525190685E+002 
 9.199000000E-003  8.007660770E+000  1.819577682E+001  1.018808576E+001  1.528212865E+002 
 9.200000000E-003  7.763824072E+000  1.797148350E+001  1.020762912E+001  1.531144367E+002 
 9.201000000E-003 -1.018240854E+001  1.819142456E+001  1.018237827E+001  1.527356740E+002 
 9.202000000E-003 -1.015722012E+001  1.841136561E+001  1.015718988E+001  1.523578482E+002 
 9.203000000E-003 -1.013207845E+001  1.863130666E+001  1.013204825E+001  1.519807237E+002 
 9.204000000E-003 -1.010699901E+001  1.885124771E+001  1.010696885E+001  1.516045327E+002 
 9.205000000E-003 -1.008198165E+001  1.907118875E+001  1.008195152E+001  1.512292728E+002 
 9.206000000E-003 -1.005702621E+001  1.929112979E+001  1.005699612E+001  1.508549418E+002 
 9.207000000E-003 -1.003213254E+001  1.951107083E+001  1.003210249E+001  1.504815374E+002 
 9.208000000E-003 -1.000730049E+001  1.973101186E+001  1.000727048E+001  1.501090572E+002 
 9.209000000E-003 -9.982529911E+000  1.995095289E+001  9.982499937E+000  1.497374991E+002 
 9.210000000E-003 -9.957820641E+000  2.017089391E+001  9.957790704E+000  1.493668606E+002 
 9.211000000E-003 -9.933172533E+000  2.039083493E+001  9.933142634E+000  1.489971395E+002 
 9.212000000E-003 -9.908585436E+000  2.061077595E+001  9.908555573E+000  1.486283336E+002 
 9.213000000E-003 -9.884059197E+000  2.083071697E+001  9.884029371E+000  1.482604406E+002 
 9.214000000E-003 -9.859593668E+000  2.105065798E+001  9.859563878E+000  1.478934582E+002 
 9.215000000E-003 -9.835188696E+000  2.127059899E+001  9.835158944E+000  1.475273842E+002 
 9.216000000E-003 -9.810844133E+000  2.149053999E+001  9.810814417E+000  1.471622163E+002 
 9.217000000E-003 -9.786559829E+000  2.171048099E+001  9.786530150E+000  1.467979522E+002 
 9.218000000E-003 -9.762335635E+000  2.193042199E+001  9.762305992E+000  1.464345899E+002 
 9.219000000E-003  1.201208135E+001  2.179444202E+001  9.782330998E+000  1.467349650E+002 
 9.220000000E-003  1.176712827E+001  2.157880341E+001  9.811645418E+000  1.471746813E+002 
 9.221000000E-003  1.152215281E+001  2.136268707E+001  9.840504503E+000  1.476075675E+002 
 9.222000000E-003  1.127715645E+001  2.114594269E+001  9.868756435E+000  1.480313465E+002 
 9.223000000E-003  1.103215258E+001  2.092858361E+001  9.896401180E+000  1.484460177E+002 
 9.224000000E-003  1.078715457E+001  2.071062319E+001  9.923438735E+000  1.488515810E+002 
 9.225000000E-003  1.054217572E+001  2.049207478E+001  9.949869132E+000  1.492480370E+002 
 9.226000000E-003  1.029722934E+001  2.027295174E+001  9.975692434E+000  1.496353865E+002 
 9.227000000E-003  1.005232867E+001  2.005326741E+001  1.000090874E+001  1.500136311E+002 
 9.228000000E-003  9.807486934E+000  1.983303515E+001  1.002551818E+001  1.503827726E+002 
 9.229000000E-003  9.562717319E+000  1.961226830E+001  1.004952091E+001  1.507428136E+002 
 9.230000000E-003  9.318032969E+000  1.939098021E+001  1.007291713E+001  1.510937569E+002 
 9.231000000E-003  9.073446993E+000  1.916918420E+001  1.009570707E+001  1.514356060E+002 
 9.232000000E-003  8.828972464E+000  1.894689362E+001  1.011789098E+001  1.517683647E+002 
 9.233000000E-003  8.584622415E+000  1.872412179E+001  1.013946917E+001  1.520920375E+002 
 9.234000000E-003  8.340409841E+000  1.850088203E+001  1.016044194E+001  1.524066292E+002 
 9.235000000E-003  8.096347695E+000  1.827718764E+001  1.018080967E+001  1.527121451E+002 
 9.236000000E-003  7.852448893E+000  1.805305194E+001  1.020057274E+001  1.530085911E+002 
 9.237000000E-003 -1.019149561E+001  1.811135489E+001  1.019146532E+001  1.528719799E+002 
 9.238000000E-003 -1.016628471E+001  1.833129595E+001  1.016625446E+001  1.524938169E+002 
 9.239000000E-003 -1.014112060E+001  1.855123700E+001  1.014109039E+001  1.521163558E+002 
 9.240000000E-003 -1.011601878E+001  1.877117804E+001  1.011598860E+001  1.517398291E+002 
 9.241000000E-003 -1.009097909E+001  1.899111909E+001  1.009094895E+001  1.513642343E+002 
 9.242000000E-003 -1.006600138E+001  1.921106013E+001  1.006597128E+001  1.509895693E+002 
 9.243000000E-003 -1.004108550E+001  1.943100117E+001  1.004105544E+001  1.506158316E+002 
 9.244000000E-003 -1.001623129E+001  1.965094220E+001  1.001620127E+001  1.502430190E+002 
 9.245000000E-003 -9.991438602E+000  1.987088323E+001  9.991408615E+000  1.498711292E+002 
 9.246000000E-003 -9.966707281E+000  2.009082426E+001  9.966677331E+000  1.495001600E+002 
 9.247000000E-003 -9.942037177E+000  2.031076528E+001  9.942007264E+000  1.491301090E+002 
 9.248000000E-003 -9.917428137E+000  2.053070630E+001  9.917398261E+000  1.487609739E+002 
 9.249000000E-003 -9.892880011E+000  2.075064732E+001  9.892850172E+000  1.483927526E+002 
 9.250000000E-003 -9.868392647E+000  2.097058833E+001  9.868362845E+000  1.480254427E+002 
 9.251000000E-003 -9.843965896E+000  2.119052934E+001  9.843936130E+000  1.476590420E+002 
 9.252000000E-003 -9.819599608E+000  2.141047034E+001  9.819569878E+000  1.472935482E+002 
 9.253000000E-003 -9.795293632E+000  2.163041135E+001  9.795263939E+000  1.469289591E+002 
 9.254000000E-003 -9.771047819E+000  2.185035234E+001  9.771018162E+000  1.465652724E+002 
 9.255000000E-003  1.210114396E+001  2.187263282E+001  9.771459203E+000  1.465718880E+002 
 9.256000000E-003  1.185620560E+001  2.165722967E+001  9.800994376E+000  1.470149156E+002 
 9.257000000E-003  1.161124119E+001  2.144134517E+001  9.830074236E+000  1.474511135E+002 
 9.258000000E-003  1.136625101E+001  2.122482776E+001  9.858546965E+000  1.478782045E+002 
 9.259000000E-003  1.112124846E+001  2.100769080E+001  9.886412516E+000  1.482961877E+002 
 9.260000000E-003  1.087624690E+001  2.078994764E+001  9.913670874E+000  1.487050631E+002 
 9.261000000E-003  1.063125967E+001  2.057161164E+001  9.940322060E+000  1.491048309E+002 
 9.262000000E-003  1.038630008E+001  2.035269615E+001  9.966366124E+000  1.494954919E+002 
 9.263000000E-003  1.014138138E+001  2.013321452E+001  9.991803152E+000  1.498770473E+002 
 9.264000000E-003  9.896516814E+000  1.991318010E+001  1.001663326E+001  1.502494989E+002 
 9.265000000E-003  9.651719578E+000  1.969260624E+001  1.004085660E+001  1.506128490E+002 
 9.266000000E-003  9.407002829E+000  1.947150628E+001  1.006447336E+001  1.509671004E+002 
 9.267000000E-003  9.162379692E+000  1.924989357E+001  1.008748375E+001  1.513122562E+002 
 9.268000000E-003  8.917863252E+000  1.902778143E+001  1.010988801E+001  1.516483202E+002 
 9.269000000E-003  8.673466556E+000  1.880518319E+001  1.013168644E+001  1.519752966E+002 
 9.270000000E-003  8.429202614E+000  1.858211218E+001  1.015287934E+001  1.522931901E+002 
 9.271000000E-003  8.185084394E+000  1.835858171E+001  1.017346705E+001  1.526020058E+002 
 9.272000000E-003  7.941124825E+000  1.813460508E+001  1.019344996E+001  1.529017495E+002 
 9.273000000E-003 -1.020067582E+001  1.803138211E+001  1.020064552E+001  1.530096828E+002 
 9.274000000E-003 -1.017544221E+001  1.825132316E+001  1.017541195E+001  1.526311792E+002 
 9.275000000E-003 -1.015025544E+001  1.847126421E+001  1.015022521E+001  1.522533782E+002 
 9.276000000E-003 -1.012513100E+001  1.869120526E+001  1.012510082E+001  1.518765122E+002 
 9.277000000E-003 -1.010006876E+001  1.891114631E+001  1.010003861E+001  1.515005792E+002 
 9.278000000E-003 -1.007506855E+001  1.913108735E+001  1.007503844E+001  1.511255766E+002 
 9.279000000E-003 -1.005013023E+001  1.935102839E+001  1.005010015E+001  1.507515023E+002 
 9.280000000E-003 -1.002525363E+001  1.957096943E+001  1.002522359E+001  1.503783539E+002 
 9.281000000E-003 -1.000043861E+001  1.979091046E+001  1.000040861E+001  1.500061291E+002 
 9.282000000E-003 -9.975685010E+000  2.001085149E+001  9.975655047E+000  1.496348257E+002 
 9.283000000E-003 -9.950992684E+000  2.023079251E+001  9.950962757E+000  1.492644414E+002 
 9.284000000E-003 -9.926361477E+000  2.045073353E+001  9.926331587E+000  1.488949738E+002 
 9.285000000E-003 -9.901791238E+000  2.067067455E+001  9.901761386E+000  1.485264208E+002 
 9.286000000E-003 -9.877281817E+000  2.089061556E+001  9.877252001E+000  1.481587800E+002 
 9.287000000E-003 -9.852833063E+000  2.111055657E+001  9.852803284E+000  1.477920493E+002 
 9.288000000E-003 -9.828444826E+000  2.133049758E+001  9.828415083E+000  1.474262263E+002 
 9.289000000E-003 -9.804116956E+000  2.155043858E+001  9.804087250E+000  1.470613087E+002 
 9.290000000E-003 -9.779849303E+000  2.177037958E+001  9.779819634E+000  1.466972945E+002 
 9.291000000E-003  1.219022849E+001  2.195091897E+001  9.760660834E+000  1.464099125E+002 
 9.292000000E-003  1.194530318E+001  2.173574968E+001  9.790416812E+000  1.468562522E+002 
 9.293000000E-003  1.170034817E+001  2.152009539E+001  9.819717495E+000  1.472957624E+002 
 9.294000000E-003  1.145536250E+001  2.130380334E+001  9.848411065E+000  1.477261660E+002 
 9.295000000E-003  1.121035960E+001  2.108688688E+001  9.876497462E+000  1.481474619E+002 
 9.296000000E-003  1.096535285E+001  2.086935937E+001  9.903976659E+000  1.485596499E+002 
 9.297000000E-003  1.072035559E+001  2.065123415E+001  9.930848665E+000  1.489627300E+002 
 9.298000000E-003  1.047538113E+001  2.043252459E+001  9.957113518E+000  1.493567028E+002 
 9.299000000E-003  1.023044276E+001  2.021324403E+001  9.982771292E+000  1.497415694E+002 
 9.300000000E-003  9.985553726E+000  1.999340583E+001  1.000782209E+001  1.501173314E+002 
 9.301000000E-003  9.740727230E+000  1.977302334E+001  1.003226606E+001  1.504839909E+002 
 9.302000000E-003  9.495976449E+000  1.955210990E+001  1.005610336E+001  1.508415504E+002 
 9.303000000E-003  9.251314520E+000  1.933067885E+001  1.007933421E+001  1.511900131E+002 
 9.304000000E-003  9.006754543E+000  1.910874352E+001  1.010195883E+001  1.515293824E+002 
 9.305000000E-003  8.762309579E+000  1.888631726E+001  1.012397749E+001  1.518596624E+002 
 9.306000000E-003  8.517992650E+000  1.866341338E+001  1.014539051E+001  1.521808576E+002 
 9.307000000E-003  8.273816741E+000  1.844004519E+001  1.016619820E+001  1.524929730E+002 
 9.308000000E-003  8.029794796E+000  1.821622602E+001  1.018640094E+001  1.527960142E+002 
 9.309000000E-003  7.785939718E+000  1.799196916E+001  1.020599913E+001  1.530899869E+002 
 9.310000000E-003 -1.018479918E+001  1.817149000E+001  1.018476890E+001  1.527715336E+002 
 9.311000000E-003 -1.015960484E+001  1.839143105E+001  1.015957461E+001  1.523936191E+002 
 9.312000000E-003 -1.013445727E+001  1.861137210E+001  1.013442707E+001  1.520164060E+002 
 9.313000000E-003 -1.010937194E+001  1.883131315E+001  1.010934178E+001  1.516401267E+002 
 9.314000000E-003 -1.008434871E+001  1.905125420E+001  1.008431858E+001  1.512647787E+002 
 9.315000000E-003 -1.005938741E+001  1.927119524E+001  1.005935732E+001  1.508903598E+002 
 9.316000000E-003 -1.003448790E+001  1.949113627E+001  1.003445785E+001  1.505168677E+002 
 9.317000000E-003 -1.000965002E+001  1.971107730E+001  1.000962001E+001  1.501443001E+002 
 9.318000000E-003 -9.984873623E+000  1.993101833E+001  9.984843645E+000  1.497726547E+002 
 9.319000000E-003 -9.960158552E+000  2.015095936E+001  9.960128612E+000  1.494019292E+002 
 9.320000000E-003 -9.935504657E+000  2.037090038E+001  9.935474754E+000  1.490321213E+002 
 9.321000000E-003 -9.910911787E+000  2.059084140E+001  9.910881921E+000  1.486632288E+002 
 9.322000000E-003 -9.886379790E+000  2.081078242E+001  9.886349961E+000  1.482952494E+002 
 9.323000000E-003 -9.861908517E+000  2.103072343E+001  9.861878724E+000  1.479281809E+002 
 9.324000000E-003 -9.837497815E+000  2.125066443E+001  9.837468059E+000  1.475620209E+002 
 9.325000000E-003 -9.813147537E+000  2.147060544E+001  9.813117817E+000  1.471967673E+002 
 9.326000000E-003 -9.788857531E+000  2.169054644E+001  9.788827848E+000  1.468324177E+002 
 9.327000000E-003 -9.764627650E+000  2.191048744E+001  9.764598003E+000  1.464689700E+002 
 9.328000000E-003  1.203431285E+001  2.181407087E+001  9.779728349E+000  1.466959252E+002 
 9.329000000E-003  1.178936100E+001  2.159848858E+001  9.809097869E+000  1.471364680E+002 
 9.330000000E-003  1.154438587E+001  2.138242768E+001  9.838012053E+000  1.475701808E+002 
 9.331000000E-003  1.129938862E+001  2.116573751E+001  9.866319085E+000  1.479947863E+002 
 9.332000000E-003  1.105438266E+001  2.094843143E+001  9.894018925E+000  1.484102839E+002 
 9.333000000E-003  1.080938134E+001  2.073052280E+001  9.921111569E+000  1.488166735E+002 
 9.334000000E-003  1.056439800E+001  2.051202496E+001  9.947597046E+000  1.492139557E+002 
 9.335000000E-003  1.031944591E+001  2.029295129E+001  9.973475415E+000  1.496021312E+002 
 9.336000000E-003  1.007453835E+001  2.007331512E+001  9.998746771E+000  1.499812016E+002 
 9.337000000E-003  9.829688527E+000  1.985312980E+001  1.002341124E+001  1.503511686E+002 
 9.338000000E-003  9.584909635E+000  1.963240869E+001  1.004746898E+001  1.507120347E+002 
 9.339000000E-003  9.340214823E+000  1.941116512E+001  1.007092019E+001  1.510638029E+002 
 9.340000000E-003  9.095617205E+000  1.918941243E+001  1.009376509E+001  1.514064763E+002 
 9.341000000E-003  8.851129855E+000  1.896716396E+001  1.011600393E+001  1.517400590E+002 
 9.342000000E-003  8.606765810E+000  1.874443303E+001  1.013763701E+001  1.520645552E+002 
 9.343000000E-003  8.362538069E+000  1.852123296E+001  1.015866465E+001  1.523799697E+002 
 9.344000000E-003  8.118459590E+000  1.829757706E+001  1.017908720E+001  1.526863080E+002 
 9.345000000E-003  7.874543291E+000  1.807347864E+001  1.019890505E+001  1.529835757E+002 
 9.346000000E-003 -1.019388847E+001  1.809138846E+001  1.019385817E+001  1.529078726E+002 
 9.347000000E-003 -1.016867164E+001  1.831132952E+001  1.016864139E+001  1.525296209E+002 
 9.348000000E-003 -1.014350163E+001  1.853127057E+001  1.014347141E+001  1.521520712E+002 
 9.349000000E-003 -1.011839391E+001  1.875121162E+001  1.011836374E+001  1.517754560E+002 
 9.350000000E-003 -1.009334835E+001  1.897115266E+001  1.009331821E+001  1.513997731E+002 
 9.351000000E-003 -1.006836477E+001  1.919109370E+001  1.006833467E+001  1.510250201E+002 
 9.352000000E-003 -1.004344304E+001  1.941103474E+001  1.004341298E+001  1.506511946E+002 
 9.353000000E-003 -1.001858300E+001  1.963097578E+001  1.001855297E+001  1.502782945E+002 
 9.354000000E-003 -9.993784486E+000  1.985091681E+001  9.993754495E+000  1.499063174E+002 
 9.355000000E-003 -9.969047359E+000  2.007085783E+001  9.969017405E+000  1.495352611E+002 
 9.356000000E-003 -9.944371462E+000  2.029079886E+001  9.944341545E+000  1.491651232E+002 
 9.357000000E-003 -9.919756644E+000  2.051073988E+001  9.919726764E+000  1.487959015E+002 
 9.358000000E-003 -9.895202754E+000  2.073068089E+001  9.895172911E+000  1.484275937E+002 
 9.359000000E-003 -9.870709641E+000  2.095062191E+001  9.870679835E+000  1.480601975E+002 
 9.360000000E-003 -9.846277155E+000  2.117056291E+001  9.846247386E+000  1.476937108E+002 
 9.361000000E-003 -9.821905145E+000  2.139050392E+001  9.821875413E+000  1.473281312E+002 
 9.362000000E-003 -9.797593463E+000  2.161044492E+001  9.797563766E+000  1.469634565E+002 
 9.363000000E-003 -9.773341957E+000  2.183038592E+001  9.773312297E+000  1.465996845E+002 
 9.364000000E-003  1.212334607E+001  2.189223038E+001  9.768854656E+000  1.465328198E+002 
 9.365000000E-003  1.187840906E+001  2.167688362E+001  9.798444857E+000  1.469766729E+002 
 9.366000000E-003  1.163344510E+001  2.146105458E+001  9.827579744E+000  1.474136962E+002 
 9.367000000E-003  1.138845415E+001  2.124459143E+001  9.856107500E+000  1.478416125E+002 
 9.368000000E-003  1.114344962E+001  2.102750752E+001  9.884028075E+000  1.482604211E+002 
 9.369000000E-003  1.089844488E+001  2.080981620E+001  9.911341451E+000  1.486701218E+002 
 9.370000000E-003  1.065345327E+001  2.059153083E+001  9.938047645E+000  1.490707147E+002 
 9.371000000E-003  1.040848810E+001  2.037266475E+001  9.964146705E+000  1.494622006E+002 
 9.372000000E-003  1.016356263E+001  2.015323133E+001  9.989638713E+000  1.498445807E+002 
 9.373000000E-003  9.918690107E+000  1.993324391E+001  1.001452378E+001  1.502178568E+002 
 9.374000000E-003  9.673883720E+000  1.971271585E+001  1.003880207E+001  1.505820310E+002 
 9.375000000E-003  9.429156638E+000  1.949166047E+001  1.006247374E+001  1.509371061E+002 
 9.376000000E-003  9.184521987E+000  1.927009113E+001  1.008553902E+001  1.512830853E+002 
 9.377000000E-003  8.939992856E+000  1.904802116E+001  1.010799814E+001  1.516199722E+002 
 9.378000000E-003  8.695582296E+000  1.882546389E+001  1.012985140E+001  1.519477709E+002 
 9.379000000E-003  8.451303320E+000  1.860243263E+001  1.015109909E+001  1.522664863E+002 
 9.380000000E-003  8.207168900E+000  1.837894071E+001  1.017174155E+001  1.525761233E+002 
 9.381000000E-003  7.963191969E+000  1.815500143E+001  1.019177918E+001  1.528766877E+002 
 9.382000000E-003 -1.020310548E+001  1.801141253E+001  1.020307517E+001  1.530461276E+002 
 9.383000000E-003 -1.017786586E+001  1.823135359E+001  1.017783559E+001  1.526675339E+002 
 9.384000000E-003 -1.015267308E+001  1.845129464E+001  1.015264285E+001  1.522896428E+002 
 9.385000000E-003 -1.012754267E+001  1.867123569E+001  1.012751247E+001  1.519126871E+002 
 9.386000000E-003 -1.010247445E+001  1.889117674E+001  1.010244430E+001  1.515366645E+002 
 9.387000000E-003 -1.007746829E+001  1.911111778E+001  1.007743817E+001  1.511615726E+002 
 9.388000000E-003 -1.005252403E+001  1.933105882E+001  1.005249395E+001  1.507874092E+002 
 9.389000000E-003 -1.002764150E+001  1.955099985E+001  1.002761146E+001  1.504141719E+002 
 9.390000000E-003 -1.000282057E+001  1.977094088E+001  1.000279057E+001  1.500418585E+002 
 9.391000000E-003 -9.978061077E+000  1.999088191E+001  9.978031110E+000  1.496704666E+002 
 9.392000000E-003 -9.953362869E+000  2.021082294E+001  9.953332939E+000  1.492999941E+002 
 9.393000000E-003 -9.928725795E+000  2.043076396E+001  9.928695902E+000  1.489304385E+002 
 9.394000000E-003 -9.904149704E+000  2.065070498E+001  9.904119848E+000  1.485617977E+002 
 9.395000000E-003 -9.879634446E+000  2.087064599E+001  9.879604626E+000  1.481940694E+002 
 9.396000000E-003 -9.855179868E+000  2.109058700E+001  9.855150086E+000  1.478272513E+002 
 9.397000000E-003 -9.830785822E+000  2.131052801E+001  9.830756076E+000  1.474613411E+002 
 9.398000000E-003 -9.806452157E+000  2.153046901E+001  9.806422448E+000  1.470963367E+002 
 9.399000000E-003 -9.782178725E+000  2.175041001E+001  9.782149051E+000  1.467322358E+002 
 9.400000000E-003 -9.757965375E+000  2.197035101E+001  9.757935738E+000  1.463690361E+002 
 9.401000000E-003  1.196746443E+001  2.175524075E+001  9.787746636E+000  1.468161995E+002 
 9.402000000E-003  1.172250465E+001  2.153948484E+001  9.816950469E+000  1.472542570E+002 
 9.403000000E-003  1.147752432E+001  2.132325305E+001  9.845698956E+000  1.476854843E+002 
 9.404000000E-003  1.123252554E+001  2.110639563E+001  9.873840282E+000  1.481076042E+002 
 9.405000000E-003  1.098752169E+001  2.088892596E+001  9.901374417E+000  1.485206163E+002 
 9.406000000E-003  1.074252611E+001  2.067085737E+001  9.928301366E+000  1.489245205E+002 
 9.407000000E-003  1.049755213E+001  2.045220323E+001  9.954621166E+000  1.493193175E+002 
 9.408000000E-003  1.025261303E+001  2.023297688E+001  9.980333886E+000  1.497050083E+002 
 9.409000000E-003  1.000772205E+001  2.001319169E+001  1.000543963E+001  1.500815944E+002 
 9.410000000E-003  9.762892415E+000  1.979286099E+001  1.002993853E+001  1.504490780E+002 
 9.411000000E-003  9.518137295E+000  1.957199814E+001  1.005383076E+001  1.508074614E+002 
 9.412000000E-003  9.273469831E+000  1.935061647E+001  1.007711652E+001  1.511567478E+002 
 9.413000000E-003  9.028903127E+000  1.912872932E+001  1.009979604E+001  1.514969406E+002 
 9.414000000E-003  8.784450246E+000  1.890635002E+001  1.012186959E+001  1.518280438E+002 
 9.415000000E-003  8.540124215E+000  1.868349189E+001  1.014333746E+001  1.521500620E+002 
 9.416000000E-003  8.295938021E+000  1.846016826E+001  1.016419999E+001  1.524629999E+002 
 9.417000000E-003  8.051904613E+000  1.823639243E+001  1.018445754E+001  1.527668632E+002 
 9.418000000E-003  7.808036896E+000  1.801217771E+001  1.020411051E+001  1.530616576E+002 
 9.419000000E-003 -1.018694169E+001  1.815128579E+001  1.018691141E+001  1.528036712E+002 
 9.420000000E-003 -1.016174205E+001  1.837122684E+001  1.016171181E+001  1.524256772E+002 
 9.421000000E-003 -1.013658919E+001  1.859116789E+001  1.013655898E+001  1.520483848E+002 
 9.422000000E-003 -1.011149858E+001  1.881110894E+001  1.011146842E+001  1.516720263E+002 
 9.423000000E-003 -1.008647009E+001  1.903104998E+001  1.008643996E+001  1.512965993E+002 
 9.424000000E-003 -1.006150354E+001  1.925099102E+001  1.006147345E+001  1.509221017E+002 
 9.425000000E-003 -1.003659879E+001  1.947093206E+001  1.003656873E+001  1.505485310E+002 
 9.426000000E-003 -1.001175569E+001  1.969087309E+001  1.001172567E+001  1.501758850E+002 
 9.427000000E-003 -9.986974075E+000  1.991081412E+001  9.986944094E+000  1.498041614E+002 
 9.428000000E-003 -9.962253805E+000  2.013075515E+001  9.962223861E+000  1.494333579E+002 
 9.429000000E-003 -9.937594724E+000  2.035069617E+001  9.937564817E+000  1.490634723E+002 
 9.430000000E-003 -9.912996680E+000  2.057063719E+001  9.912966811E+000  1.486945022E+002 
 9.431000000E-003 -9.888459523E+000  2.079057821E+001  9.888429690E+000  1.483264454E+002 
 9.432000000E-003 -9.863983101E+000  2.101051922E+001  9.863953305E+000  1.479592996E+002 
 9.433000000E-003 -9.839567265E+000  2.123046023E+001  9.839537506E+000  1.475930626E+002 
 9.434000000E-003 -9.815211864E+000  2.145040123E+001  9.815182141E+000  1.472277321E+002 
 9.435000000E-003 -9.790916749E+000  2.167034223E+001  9.790887062E+000  1.468633059E+002 
 9.436000000E-003 -9.766681770E+000  2.189028323E+001  9.766652120E+000  1.464997818E+002 
 9.437000000E-003  1.205651715E+001  2.183343377E+001  9.776886961E+000  1.466533044E+002 
 9.438000000E-003  1.181157184E+001  2.161791307E+001  9.806311522E+000  1.470946728E+002 
 9.439000000E-003  1.156660233E+001  2.140191284E+001  9.835280759E+000  1.475292114E+002 
 9.440000000E-003  1.132160949E+001  2.118528214E+001  9.863642856E+000  1.479546428E+002 
 9.441000000E-003  1.107660671E+001  2.096803432E+001  9.891397770E+000  1.483709666E+002 
 9.442000000E-003  1.083160735E+001  2.075018273E+001  9.918545495E+000  1.487781824E+002 
 9.443000000E-003  1.058662476E+001  2.053174073E+001  9.945086056E+000  1.491762908E+002 
 9.444000000E-003  1.034167221E+001  2.031272167E+001  9.971019509E+000  1.495652926E+002 
 9.445000000E-003  1.009676297E+001  2.009313891E+001  9.996345947E+000  1.499451892E+002 
 9.446000000E-003  9.851910272E+000  1.987300580E+001  1.002106549E+001  1.503159824E+002 
 9.447000000E-003  9.607127300E+000  1.965233567E+001  1.004517830E+001  1.506776745E+002 
 9.448000000E-003  9.362427208E+000  1.943114188E+001  1.006868457E+001  1.510302685E+002 
 9.449000000E-003  9.117823113E+000  1.920943775E+001  1.009158450E+001  1.513737676E+002 
 9.450000000E-003  8.873328094E+000  1.898723664E+001  1.011387837E+001  1.517081756E+002 
 9.451000000E-003  8.628955191E+000  1.876455185E+001  1.013556645E+001  1.520334968E+002 
 9.452000000E-003  8.384717405E+000  1.854139671E+001  1.015664907E+001  1.523497361E+002 
 9.453000000E-003  8.140627699E+000  1.831778454E+001  1.017712658E+001  1.526568986E+002 
 9.454000000E-003  7.896698993E+000  1.809372864E+001  1.019699935E+001  1.529549902E+002 
 9.455000000E-003 -1.019605366E+001  1.807125475E+001  1.019602336E+001  1.529403504E+002 
 9.456000000E-003 -1.017083148E+001  1.829119581E+001  1.017080122E+001  1.525620183E+002 
 9.457000000E-003 -1.014565612E+001  1.851113686E+001  1.014562590E+001  1.521843885E+002 
 9.458000000E-003 -1.012054307E+001  1.873107791E+001  1.012051289E+001  1.518076933E+002 
 9.459000000E-003 -1.009549218E+001  1.895101895E+001  1.009546204E+001  1.514319306E+002 
 9.460000000E-003 -1.007050330E+001  1.917095999E+001  1.007047320E+001  1.510570979E+002 
 9.461000000E-003 -1.004557628E+001  1.939090103E+001  1.004554621E+001  1.506831931E+002 
 9.462000000E-003 -1.002071095E+001  1.961084206E+001  1.002068092E+001  1.503102138E+002 
 9.463000000E-003 -9.995907174E+000  1.983078310E+001  9.995877180E+000  1.499381577E+002 
 9.464000000E-003 -9.971164792E+000  2.005072412E+001  9.971134836E+000  1.495670225E+002 
 9.465000000E-003 -9.946483655E+000  2.027066515E+001  9.946453735E+000  1.491968060E+002 
 9.466000000E-003 -9.921863609E+000  2.049060617E+001  9.921833726E+000  1.488275059E+002 
 9.467000000E-003 -9.897304503E+000  2.071054718E+001  9.897274658E+000  1.484591199E+002 
 9.468000000E-003 -9.872806188E+000  2.093048820E+001  9.872776379E+000  1.480916457E+002 
 9.469000000E-003 -9.848368513E+000  2.115042921E+001  9.848338740E+000  1.477250811E+002 
 9.470000000E-003 -9.823991326E+000  2.137037021E+001  9.823961590E+000  1.473594239E+002 
 9.471000000E-003 -9.799674480E+000  2.159031122E+001  9.799644780E+000  1.469946717E+002 
 9.472000000E-003 -9.775417823E+000  2.181025221E+001  9.775388160E+000  1.466308224E+002 
 9.473000000E-003  1.214560143E+001  2.191166234E+001  9.766031263E+000  1.464904689E+002 
 9.474000000E-003  1.190067044E+001  2.169637676E+001  9.795676631E+000  1.469351495E+002 
 9.475000000E-003  1.165571157E+001  2.148060801E+001  9.824866695E+000  1.473730004E+002 
 9.476000000E-003  1.141072450E+001  2.126420392E+001  9.853449639E+000  1.478017446E+002 
 9.477000000E-003  1.116572263E+001  2.104717786E+001  9.881425410E+000  1.482213812E+002 
 9.478000000E-003  1.092071932E+001  2.082954318E+001  9.908793988E+000  1.486319098E+002 
 9.479000000E-003  1.067572793E+001  2.061131322E+001  9.935555385E+000  1.490333308E+002 
 9.480000000E-003  1.043076177E+001  2.039250136E+001  9.961709647E+000  1.494256447E+002 
 9.481000000E-003  1.018583409E+001  2.017312093E+001  9.987256854E+000  1.498088528E+002 
 9.482000000E-003  9.940958155E+000  1.995318529E+001  1.001219712E+001  1.501829568E+002 
 9.483000000E-003  9.696147153E+000  1.973270779E+001  1.003653058E+001  1.505479587E+002 
 9.484000000E-003  9.451414255E+000  1.951170177E+001  1.006025742E+001  1.509038613E+002 
 9.485000000E-003  9.206772590E+000  1.929018057E+001  1.008337785E+001  1.512506678E+002 
 9.486000000E-003  8.962235252E+000  1.906815752E+001  1.010589211E+001  1.515883817E+002 
 9.487000000E-003  8.717815294E+000  1.884564596E+001  1.012780048E+001  1.519170072E+002 
 9.488000000E-003  8.473525732E+000  1.862265921E+001  1.014910325E+001  1.522365488E+002 
 9.489000000E-003  8.229379543E+000  1.839921058E+001  1.016980078E+001  1.525470117E+002 
 9.490000000E-003  7.985389664E+000  1.817531338E+001  1.018989343E+001  1.528484015E+002 
 9.491000000E-003 -1.020533052E+001  1.799136942E+001  1.020530022E+001  1.530795032E+002 
 9.492000000E-003 -1.018008540E+001  1.821131047E+001  1.018005513E+001  1.527008269E+002 
 9.493000000E-003 -1.015488713E+001  1.843125153E+001  1.015485690E+001  1.523228535E+002 
 9.494000000E-003 -1.012975123E+001  1.865119258E+001  1.012972104E+001  1.519458156E+002 
 9.495000000E-003 -1.010467755E+001  1.887113362E+001  1.010464740E+001  1.515697110E+002 
 9.496000000E-003 -1.007966594E+001  1.909107467E+001  1.007963582E+001  1.511945373E+002 
 9.497000000E-003 -1.005471623E+001  1.931101570E+001  1.005468615E+001  1.508202923E+002 
 9.498000000E-003 -1.002982828E+001  1.953095674E+001  1.002979824E+001  1.504469736E+002 
 9.499000000E-003 -1.000500194E+001  1.975089777E+001  1.000497193E+001  1.500745790E+002 
 9.500000000E-003 -9.980237046E+000  1.997083880E+001  9.980207076E+000  1.497031061E+002 
 9.501000000E-003 -9.955533452E+000  2.019077983E+001  9.955503519E+000  1.493325528E+002 
 9.502000000E-003 -9.930891005E+000  2.041072085E+001  9.930861109E+000  1.489629166E+002 
 9.503000000E-003 -9.906309555E+000  2.063066187E+001  9.906279696E+000  1.485941954E+002 
 9.504000000E-003 -9.881788950E+000  2.085060288E+001  9.881759128E+000  1.482263869E+002 
 9.505000000E-003 -9.857329040E+000  2.107054389E+001  9.857299254E+000  1.478594888E+002 
 9.506000000E-003 -9.832929674E+000  2.129048490E+001  9.832899925E+000  1.474934989E+002 
 9.507000000E-003 -9.808590703E+000  2.151042590E+001  9.808560990E+000  1.471284149E+002 
 9.508000000E-003 -9.784311977E+000  2.173036690E+001  9.784282300E+000  1.467642345E+002 
 9.509000000E-003 -9.760093346E+000  2.195030790E+001  9.760063706E+000  1.464009556E+002 
 9.510000000E-003  1.198975214E+001  2.177476395E+001  9.784982125E+000  1.467747319E+002 
 9.511000000E-003  1.174479701E+001  2.155906793E+001  9.814241203E+000  1.472136180E+002 
 9.512000000E-003  1.149982041E+001  2.134289511E+001  9.843044942E+000  1.476456741E+002 
 9.513000000E-003  1.125482413E+001  2.112609547E+001  9.871241528E+000  1.480686229E+002 
 9.514000000E-003  1.100982156E+001  2.090868234E+001  9.898830928E+000  1.484824639E+002 
 9.515000000E-003  1.076482605E+001  2.069066908E+001  9.925813143E+000  1.488871971E+002 
 9.516000000E-003  1.051985092E+001  2.047206906E+001  9.952188207E+000  1.492828231E+002 
 9.517000000E-003  1.027490946E+001  2.025289562E+001  9.977956188E+000  1.496693428E+002 
 9.518000000E-003  1.003001492E+001  2.003316211E+001  1.000311718E+001  1.500467578E+002 
 9.519000000E-003  9.785180516E+000  1.981288189E+001  1.002767133E+001  1.504150700E+002 
 9.520000000E-003  9.540419424E+000  1.959206829E+001  1.005161879E+001  1.507742818E+002 
 9.521000000E-003  9.295744790E+000  1.937073466E+001  1.007495976E+001  1.511243964E+002 
 9.522000000E-003  9.051169720E+000  1.914889434E+001  1.009769448E+001  1.514654171E+002 
 9.523000000E-003  8.806707282E+000  1.892656066E+001  1.011982320E+001  1.517973479E+002 
 9.524000000E-003  8.562370506E+000  1.870374694E+001  1.014134622E+001  1.521201932E+002 
 9.525000000E-003  8.318172384E+000  1.848046649E+001  1.016226387E+001  1.524339580E+002 
 9.526000000E-003  8.074125865E+000  1.825673264E+001  1.018257650E+001  1.527386475E+002 
 9.527000000E-003  7.830243861E+000  1.803255868E+001  1.020228452E+001  1.530342678E+002 
 9.528000000E-003 -1.018915666E+001  1.813126106E+001  1.018912638E+001  1.528368957E+002 
 9.529000000E-003 -1.016395155E+001  1.835120211E+001  1.016392130E+001  1.524588195E+002 
 9.530000000E-003 -1.013879321E+001  1.857114317E+001  1.013876300E+001  1.520814451E+002 
 9.531000000E-003 -1.011369715E+001  1.879108421E+001  1.011366698E+001  1.517050047E+002 
 9.532000000E-003 -1.008866321E+001  1.901102526E+001  1.008863308E+001  1.513294962E+002 
 9.533000000E-003 -1.006369123E+001  1.923096630E+001  1.006366114E+001  1.509549171E+002 
 9.534000000E-003 -1.003878107E+001  1.945090734E+001  1.003875101E+001  1.505812652E+002 
 9.535000000E-003 -1.001393256E+001  1.967084837E+001  1.001390254E+001  1.502085382E+002 
 9.536000000E-003 -9.989145566E+000  1.989078940E+001  9.989115582E+000  1.498367337E+002 
 9.537000000E-003 -9.964419921E+000  2.011073043E+001  9.964389974E+000  1.494658496E+002 
 9.538000000E-003 -9.939755478E+000  2.033067145E+001  9.939725568E+000  1.490958835E+002 
 9.539000000E-003 -9.915152086E+000  2.055061247E+001  9.915122213E+000  1.487268332E+002 
 9.540000000E-003 -9.890609594E+000  2.077055348E+001  9.890579758E+000  1.483586964E+002 
 9.541000000E-003 -9.866127850E+000  2.099049450E+001  9.866098051E+000  1.479914708E+002 
 9.542000000E-003 -9.841706705E+000  2.121043550E+001  9.841676942E+000  1.476251541E+002 
 9.543000000E-003 -9.817346008E+000  2.143037651E+001  9.817316282E+000  1.472597442E+002 
 9.544000000E-003 -9.793045610E+000  2.165031751E+001  9.793015921E+000  1.468952388E+002 
 9.545000000E-003 -9.768805362E+000  2.187025851E+001  9.768775709E+000  1.465316356E+002 
 9.546000000E-003  1.207883088E+001  2.185297476E+001  9.774114219E+000  1.466117133E+002 
 9.547000000E-003  1.183389034E+001  2.163751413E+001  9.803594090E+000  1.470539113E+002 
 9.548000000E-003  1.158892467E+001  2.142157306E+001  9.832618643E+000  1.474892797E+002 
 9.549000000E-003  1.134393444E+001  2.120500030E+001  9.861036065E+000  1.479155410E+002 
 9.550000000E-003  1.109893306E+001  2.098780920E+001  9.888846310E+000  1.483326946E+002 
 9.551000000E-003  1.085393388E+001  2.077001312E+001  9.916049367E+000  1.487407405E+002 
 9.552000000E-003  1.060895024E+001  2.055162541E+001  9.942645258E+000  1.491396789E+002 
 9.553000000E-003  1.036399544E+001  2.033265943E+001  9.968634038E+000  1.495295106E+002 
 9.554000000E-003  1.011908274E+001  2.011312853E+001  9.994015795E+000  1.499102369E+002 
 9.555000000E-003  9.874225375E+000  1.989304605E+001  1.001879065E+001  1.502818598E+002 
 9.556000000E-003  9.629436531E+000  1.967242535E+001  1.004295876E+001  1.506443814E+002 
 9.557000000E-003  9.384729367E+000  1.945127977E+001  1.006652030E+001  1.509978045E+002 
 9.558000000E-003  9.140117004E+000  1.922962264E+001  1.008947550E+001  1.513421325E+002 
 9.559000000E-003  8.895612523E+000  1.900746730E+001  1.011182461E+001  1.516773691E+002 
 9.560000000E-003  8.651228968E+000  1.878482707E+001  1.013356791E+001  1.520035186E+002 
 9.561000000E-003  8.406979345E+000  1.856171529E+001  1.015470571E+001  1.523205857E+002 
 9.562000000E-003  8.162876618E+000  1.833814525E+001  1.017523837E+001  1.526285755E+002 
 9.563000000E-003  7.918933713E+000  1.811413027E+001  1.019516626E+001  1.529274940E+002 
 9.564000000E-003 -1.019830143E+001  1.805127916E+001  1.019827114E+001  1.529740670E+002 
 9.565000000E-003 -1.017307370E+001  1.827122022E+001  1.017304344E+001  1.525956515E+002 
 9.566000000E-003 -1.014789278E+001  1.849116127E+001  1.014786256E+001  1.522179384E+002 
 9.567000000E-003 -1.012277420E+001  1.871110232E+001  1.012274401E+001  1.518411602E+002 
 9.568000000E-003 -1.009771779E+001  1.893104337E+001  1.009768764E+001  1.514653146E+002 
 9.569000000E-003 -1.007272340E+001  1.915098441E+001  1.007269329E+001  1.510903994E+002 
 9.570000000E-003 -1.004779088E+001  1.937092545E+001  1.004776081E+001  1.507164121E+002 
 9.571000000E-003 -1.002292007E+001  1.959086648E+001  1.002289004E+001  1.503433506E+002 
 9.572000000E-003 -9.998110827E+000  1.981080751E+001  9.998080830E+000  1.499712125E+002 
 9.573000000E-003 -9.973362991E+000  2.003074854E+001  9.973333031E+000  1.495999955E+002 
 9.574000000E-003 -9.948676412E+000  2.025068956E+001  9.948646489E+000  1.492296973E+002 
 9.575000000E-003 -9.924050939E+000  2.047063058E+001  9.924021053E+000  1.488603158E+002 
 9.576000000E-003 -9.899486419E+000  2.069057160E+001  9.899456570E+000  1.484918486E+002 
 9.577000000E-003 -9.874982703E+000  2.091051261E+001  9.874952891E+000  1.481242934E+002 
 9.578000000E-003 -9.850539640E+000  2.113045362E+001  9.850509864E+000  1.477576480E+002 
 9.579000000E-003 -9.826157080E+000  2.135039463E+001  9.826127341E+000  1.473919101E+002 
 9.580000000E-003 -9.801834872E+000  2.157033563E+001  9.801805170E+000  1.470270775E+002 
 9.581000000E-003 -9.777572868E+000  2.179027663E+001  9.777543202E+000  1.466631480E+002 
 9.582000000E-003  1.216793597E+001  2.193125161E+001  9.763285995E+000  1.464492899E+002 
 9.583000000E-003  1.192300908E+001  2.171602549E+001  9.792986722E+000  1.468948008E+002 
 9.584000000E-003  1.167805340E+001  2.150031529E+001  9.822232153E+000  1.473334823E+002 
 9.585000000E-003  1.143306829E+001  2.128396854E+001  9.850870470E+000  1.477630570E+002 
 9.586000000E-003  1.118806716E+001  2.106699860E+001  9.878901617E+000  1.481835242E+002 
 9.587000000E-003  1.094306338E+001  2.084941881E+001  9.906325570E+000  1.485948836E+002 
 9.588000000E-003  1.069807030E+001  2.063124254E+001  9.933142341E+000  1.489971351E+002 
 9.589000000E-003  1.045310123E+001  2.041248314E+001  9.959351971E+000  1.493902796E+002 
 9.590000000E-003  1.020816944E+001  2.019315396E+001  9.984954537E+000  1.497743180E+002 
 9.591000000E-003  9.963288184E+000  1.997326835E+001  1.000995015E+001  1.501492522E+002 
 9.592000000E-003  9.718470661E+000  1.975283966E+001  1.003433894E+001  1.505150842E+002 
 9.593000000E-003  9.473730042E+000  1.953188123E+001  1.005812110E+001  1.508718165E+002 
 9.594000000E-003  9.229079461E+000  1.931040641E+001  1.008129682E+001  1.512194524E+002 
 9.595000000E-003  8.984532013E+000  1.908842853E+001  1.010386636E+001  1.515579953E+002 
 9.596000000E-003  8.740100758E+000  1.886596091E+001  1.012582997E+001  1.518874495E+002 
 9.597000000E-003  8.495798713E+000  1.864301689E+001  1.014718796E+001  1.522078194E+002 
 9.598000000E-003  8.251638860E+000  1.841960978E+001  1.016794067E+001  1.525191100E+002 
 9.599000000E-003  8.007634138E+000  1.819575289E+001  1.018808847E+001  1.528213270E+002 
 9.600000000E-003  7.763797447E+000  1.797145951E+001  1.020763175E+001  1.531144763E+002 
 9.601000000E-003 -1.018241117E+001  1.819140057E+001  1.018238090E+001  1.527357134E+002 
 9.602000000E-003 -1.015722274E+001  1.841134162E+001  1.015719251E+001  1.523578876E+002 
 9.603000000E-003 -1.013208106E+001  1.863128267E+001  1.013205086E+001  1.519807630E+002 
 9.604000000E-003 -1.010700162E+001  1.885122372E+001  1.010697146E+001  1.516045718E+002 
 9.605000000E-003 -1.008198425E+001  1.907116476E+001  1.008195413E+001  1.512293119E+002 
 9.606000000E-003 -1.005702880E+001  1.929110580E+001  1.005699872E+001  1.508549808E+002 
 9.607000000E-003 -1.003213513E+001  1.951104684E+001  1.003210508E+001  1.504815763E+002 
 9.608000000E-003 -1.000730308E+001  1.973098787E+001  1.000727307E+001  1.501090960E+002 
 9.609000000E-003 -9.982532487E+000  1.995092890E+001  9.982502514E+000  1.497375377E+002 
 9.610000000E-003 -9.957823212E+000  2.017086992E+001  9.957793275E+000  1.493668991E+002 
 9.611000000E-003 -9.933175097E+000  2.039081094E+001  9.933145198E+000  1.489971780E+002 
 9.612000000E-003 -9.908587993E+000  2.061075196E+001  9.908558131E+000  1.486283720E+002 
 9.613000000E-003 -9.884061749E+000  2.083069298E+001  9.884031923E+000  1.482604788E+002 
 9.614000000E-003 -9.859596213E+000  2.105063399E+001  9.859566423E+000  1.478934964E+002 
 9.615000000E-003 -9.835191235E+000  2.127057500E+001  9.835161482E+000  1.475274222E+002 
 9.616000000E-003 -9.810846666E+000  2.149051600E+001  9.810816950E+000  1.471622542E+002 
 9.617000000E-003 -9.786562356E+000  2.171045700E+001  9.786532676E+000  1.467979901E+002 
 9.618000000E-003 -9.762338155E+000  2.193039800E+001  9.762308512E+000  1.464346277E+002 
 9.619000000E-003  1.201205485E+001  2.179441799E+001  9.782333463E+000  1.467350019E+002 
 9.620000000E-003  1.176710178E+001  2.157877932E+001  9.811647818E+000  1.471747173E+002 
 9.621000000E-003  1.152212634E+001  2.136266293E+001  9.840506837E+000  1.476076025E+002 
 9.622000000E-003  1.127712999E+001  2.114591850E+001  9.868758703E+000  1.480313805E+002 
 9.623000000E-003  1.103212614E+001  2.092855937E+001  9.896403382E+000  1.484460507E+002 
 9.624000000E-003  1.078712814E+001  2.071059890E+001  9.923440872E+000  1.488516131E+002 
 9.625000000E-003  1.054214932E+001  2.049205045E+001  9.949871204E+000  1.492480681E+002 
 9.626000000E-003  1.029720295E+001  2.027292736E+001  9.975694441E+000  1.496354166E+002 
 9.627000000E-003  1.005230231E+001  2.005324299E+001  1.000091068E+001  1.500136602E+002 
 9.628000000E-003  9.807460595E+000  1.983301069E+001  1.002552005E+001  1.503828008E+002 
 9.629000000E-003  9.562691005E+000  1.961224380E+001  1.004952272E+001  1.507428408E+002 
 9.630000000E-003  9.318006680E+000  1.939095566E+001  1.007291887E+001  1.510937831E+002 
 9.631000000E-003  9.073420732E+000  1.916915962E+001  1.009570875E+001  1.514356312E+002 
 9.632000000E-003  8.828946232E+000  1.894686901E+001  1.011789260E+001  1.517683889E+002 
 9.633000000E-003  8.584596214E+000  1.872409714E+001  1.013947072E+001  1.520920607E+002 
 9.634000000E-003  8.340383670E+000  1.850085734E+001  1.016044343E+001  1.524066514E+002 
 9.635000000E-003  8.096321558E+000  1.827716292E+001  1.018081109E+001  1.527121664E+002 
 9.636000000E-003  7.852422790E+000  1.805302719E+001  1.020057410E+001  1.530086115E+002 
 9.637000000E-003 -1.019149694E+001  1.811133013E+001  1.019146665E+001  1.528719998E+002 
 9.638000000E-003 -1.016628604E+001  1.833127119E+001  1.016625579E+001  1.524938368E+002 
 9.639000000E-003 -1.014112192E+001  1.855121224E+001  1.014109171E+001  1.521163757E+002 
 9.640000000E-003 -1.011602010E+001  1.877115329E+001  1.011598993E+001  1.517398489E+002 
 9.641000000E-003 -1.009098041E+001  1.899109433E+001  1.009095027E+001  1.513642541E+002 
 9.642000000E-003 -1.006600270E+001  1.921103537E+001  1.006597260E+001  1.509895890E+002 
 9.643000000E-003 -1.004108681E+001  1.943097641E+001  1.004105675E+001  1.506158512E+002 
 9.644000000E-003 -1.001623260E+001  1.965091744E+001  1.001620257E+001  1.502430386E+002 
 9.645000000E-003 -9.991439906E+000  1.987085847E+001  9.991409919E+000  1.498711488E+002 
 9.646000000E-003 -9.966708582E+000  2.009079950E+001  9.966678632E+000  1.495001795E+002 
 9.647000000E-003 -9.942038474E+000  2.031074052E+001  9.942008561E+000  1.491301284E+002 
 9.648000000E-003 -9.917429431E+000  2.053068154E+001  9.917399555E+000  1.487609933E+002 
 9.649000000E-003 -9.892881302E+000  2.075062256E+001  9.892851463E+000  1.483927719E+002 
 9.650000000E-003 -9.868393935E+000  2.097056357E+001  9.868364133E+000  1.480254620E+002 
 9.651000000E-003 -9.843967181E+000  2.119050458E+001  9.843937415E+000  1.476590612E+002 
 9.652000000E-003 -9.819600889E+000  2.141044559E+001  9.819571160E+000  1.472935674E+002 
 9.653000000E-003 -9.795294910E+000  2.163038659E+001  9.795265217E+000  1.469289783E+002 
 9.654000000E-003 -9.771049094E+000  2.185032759E+001  9.771019438E+000  1.465652916E+002 
 9.655000000E-003  1.210111794E+001  2.187260805E+001  9.771460447E+000  1.465719067E+002 
 9.656000000E-003  1.185617962E+001  2.165720488E+001  9.800995556E+000  1.470149333E+002 
 9.657000000E-003  1.161121525E+001  2.144132035E+001  9.830075352E+000  1.474511303E+002 
 9.658000000E-003  1.136622511E+001  2.122480292E+001  9.858548016E+000  1.478782202E+002 
 9.659000000E-003  1.112122260E+001  2.100766594E+001  9.886413503E+000  1.482962025E+002 
 9.660000000E-003  1.087622109E+001  2.078992276E+001  9.913671797E+000  1.487050770E+002 
 9.661000000E-003  1.063123390E+001  2.057158673E+001  9.940322919E+000  1.491048438E+002 
 9.662000000E-003  1.038627435E+001  2.035267122E+001  9.966366919E+000  1.494955038E+002 
 9.663000000E-003  1.014135570E+001  2.013318958E+001  9.991803883E+000  1.498770582E+002 
 9.664000000E-003  9.896491187E+000  1.991315514E+001  1.001663393E+001  1.502495089E+002 
 9.665000000E-003  9.651694000E+000  1.969258127E+001  1.004085721E+001  1.506128581E+002 
 9.666000000E-003  9.406977302E+000  1.947148130E+001  1.006447390E+001  1.509671085E+002 
 9.667000000E-003  9.162354217E+000  1.924986857E+001  1.008748422E+001  1.513122634E+002 
 9.668000000E-003  8.917837830E+000  1.902775642E+001  1.010988843E+001  1.516483264E+002 
 9.669000000E-003  8.673441189E+000  1.880515818E+001  1.013168679E+001  1.519753019E+002 
 9.670000000E-003  8.429177302E+000  1.858208716E+001  1.015287963E+001  1.522931944E+002 
 9.671000000E-003  8.185059139E+000  1.835855668E+001  1.017346728E+001  1.526020092E+002 
 9.672000000E-003  7.941099628E+000  1.813458005E+001  1.019345013E+001  1.529017519E+002 
 9.673000000E-003 -1.020067594E+001  1.803135707E+001  1.020064564E+001  1.530096846E+002 
 9.674000000E-003 -1.017544233E+001  1.825129813E+001  1.017541207E+001  1.526311810E+002 
 9.675000000E-003 -1.015025555E+001  1.847123918E+001  1.015022533E+001  1.522533799E+002 
 9.676000000E-003 -1.012513112E+001  1.869118023E+001  1.012510093E+001  1.518765140E+002 
 9.677000000E-003 -1.010006888E+001  1.891112128E+001  1.010003873E+001  1.515005809E+002 
 9.678000000E-003 -1.007506867E+001  1.913106232E+001  1.007503856E+001  1.511255784E+002 
 9.679000000E-003 -1.005013034E+001  1.935100336E+001  1.005010027E+001  1.507515040E+002 
 9.680000000E-003 -1.002525375E+001  1.957094439E+001  1.002522371E+001  1.503783556E+002 
 9.681000000E-003 -1.000043872E+001  1.979088542E+001  1.000040872E+001  1.500061309E+002 
 9.682000000E-003 -9.975685126E+000  2.001082645E+001  9.975655163E+000  1.496348274E+002 
 9.683000000E-003 -9.950992799E+000  2.023076748E+001  9.950962873E+000  1.492644431E+002 
 9.684000000E-003 -9.926361592E+000  2.045070850E+001  9.926331703E+000  1.488949755E+002 
 9.685000000E-003 -9.901791353E+000  2.067064951E+001  9.901761501E+000  1.485264225E+002 
 9.686000000E-003 -9.877281932E+000  2.089059053E+001  9.877252116E+000  1.481587817E+002 
 9.687000000E-003 -9.852833178E+000  2.111053154E+001  9.852803399E+000  1.477920510E+002 
 9.688000000E-003 -9.828444940E+000  2.133047254E+001  9.828415198E+000  1.474262280E+002 
 9.689000000E-003 -9.804117070E+000  2.155041355E+001  9.804087364E+000  1.470613105E+002 
 9.690000000E-003 -9.779849417E+000  2.177035455E+001  9.779819747E+000  1.466972962E+002 
 9.691000000E-003  1.219020335E+001  2.195089393E+001  9.760660942E+000  1.464099141E+002 
 9.692000000E-003  1.194527810E+001  2.173572464E+001  9.790416858E+000  1.468562529E+002 
 9.693000000E-003  1.170032315E+001  2.152007035E+001  9.819717479E+000  1.472957622E+002 
 9.694000000E-003  1.145533755E+001  2.130377831E+001  9.848410987E+000  1.477261648E+002 
 9.695000000E-003  1.121033471E+001  2.108686185E+001  9.876497321E+000  1.481474598E+002 
 9.696000000E-003  1.096532802E+001  2.086933434E+001  9.903976457E+000  1.485596469E+002 
 9.697000000E-003  1.072033083E+001  2.065120912E+001  9.930848401E+000  1.489627260E+002 
 9.698000000E-003  1.047535644E+001  2.043249957E+001  9.957113194E+000  1.493566979E+002 
 9.699000000E-003  1.023041814E+001  2.021321902E+001  9.982770907E+000  1.497415636E+002 
 9.700000000E-003  9.985529171E+000  1.999338083E+001  1.000782165E+001  1.501173247E+002 
 9.701000000E-003  9.740702747E+000  1.977299835E+001  1.003226555E+001  1.504839833E+002 
 9.702000000E-003  9.495952038E+000  1.955208492E+001  1.005610280E+001  1.508415419E+002 
 9.703000000E-003  9.251290183E+000  1.933065388E+001  1.007933358E+001  1.511900037E+002 
 9.704000000E-003  9.006730280E+000  1.910871857E+001  1.010195814E+001  1.515293721E+002 
 9.705000000E-003  8.762285392E+000  1.888629232E+001  1.012397675E+001  1.518596512E+002 
 9.706000000E-003  8.517968541E+000  1.866338846E+001  1.014538970E+001  1.521808455E+002 
 9.707000000E-003  8.273792710E+000  1.844002029E+001  1.016619734E+001  1.524929600E+002 
 9.708000000E-003  8.029770844E+000  1.821620114E+001  1.018640002E+001  1.527960002E+002 
 9.709000000E-003  7.785915846E+000  1.799194430E+001  1.020599814E+001  1.530899721E+002 
 9.710000000E-003 -1.018479819E+001  1.817146514E+001  1.018476791E+001  1.527715187E+002 
 9.711000000E-003 -1.015960386E+001  1.839140620E+001  1.015957362E+001  1.523936043E+002 
 9.712000000E-003 -1.013445629E+001  1.861134725E+001  1.013442608E+001  1.520163913E+002 
 9.713000000E-003 -1.010937096E+001  1.883128829E+001  1.010934080E+001  1.516401119E+002 
 9.714000000E-003 -1.008434773E+001  1.905122934E+001  1.008431760E+001  1.512647640E+002 
 9.715000000E-003 -1.005938643E+001  1.927117038E+001  1.005935634E+001  1.508903452E+002 
 9.716000000E-003 -1.003448692E+001  1.949111141E+001  1.003445687E+001  1.505168531E+002 
 9.717000000E-003 -1.000964905E+001  1.971105245E+001  1.000961903E+001  1.501442855E+002 
 9.718000000E-003 -9.984872652E+000  1.993099348E+001  9.984842675E+000  1.497726401E+002 
 9.719000000E-003 -9.960157584E+000  2.015093450E+001  9.960127644E+000  1.494019147E+002 
 9.720000000E-003 -9.935503691E+000  2.037087552E+001  9.935473788E+000  1.490321068E+002 
 9.721000000E-003 -9.910910824E+000  2.059081654E+001  9.910880957E+000  1.486632144E+002 
 9.722000000E-003 -9.886378829E+000  2.081075756E+001  9.886349000E+000  1.482952350E+002 
 9.723000000E-003 -9.861907558E+000  2.103069857E+001  9.861877765E+000  1.479281665E+002 
 9.724000000E-003 -9.837496859E+000  2.125063958E+001  9.837467103E+000  1.475620065E+002 
 9.725000000E-003 -9.813146583E+000  2.147058058E+001  9.813116863E+000  1.471967529E+002 
 9.726000000E-003 -9.788856580E+000  2.169052158E+001  9.788826897E+000  1.468324034E+002 
 9.727000000E-003 -9.764626700E+000  2.191046258E+001  9.764597054E+000  1.464689558E+002 
 9.728000000E-003  1.203428900E+001  2.181404603E+001  9.779727357E+000  1.466959104E+002 
 9.729000000E-003  1.178933723E+001  2.159846377E+001  9.809096818E+000  1.471364523E+002 
 9.730000000E-003  1.154436218E+001  2.138240288E+001  9.838010944E+000  1.475701642E+002 
 9.731000000E-003  1.129936502E+001  2.116571274E+001  9.866317917E+000  1.479947688E+002 
 9.732000000E-003  1.105435914E+001  2.094840668E+001  9.894017699E+000  1.484102655E+002 
 9.733000000E-003  1.080935791E+001  2.073049808E+001  9.921110285E+000  1.488166543E+002 
 9.734000000E-003  1.056437465E+001  2.051200028E+001  9.947595703E+000  1.492139356E+002 
 9.735000000E-003  1.031942266E+001  2.029292663E+001  9.973474015E+000  1.496021102E+002 
 9.736000000E-003  1.007451518E+001  2.007329049E+001  9.998745313E+000  1.499811797E+002 
 9.737000000E-003  9.829665449E+000  1.985310521E+001  1.002340973E+001  1.503511459E+002 
 9.738000000E-003  9.584886649E+000  1.963238413E+001  1.004746741E+001  1.507120112E+002 
 9.739000000E-003  9.340191929E+000  1.941114060E+001  1.007091856E+001  1.510637784E+002 
 9.740000000E-003  9.095594404E+000  1.918938795E+001  1.009376340E+001  1.514064510E+002 
 9.741000000E-003  8.851107148E+000  1.896713951E+001  1.011600219E+001  1.517400328E+002 
 9.742000000E-003  8.606743198E+000  1.874440862E+001  1.013763521E+001  1.520645282E+002 
 9.743000000E-003  8.362515553E+000  1.852120859E+001  1.015866280E+001  1.523799419E+002 
 9.744000000E-003  8.118437171E+000  1.829755273E+001  1.017908529E+001  1.526862793E+002 
 9.745000000E-003  7.874520970E+000  1.807345435E+001  1.019890308E+001  1.529835462E+002 
 9.746000000E-003 -1.019388648E+001  1.809136420E+001  1.019385619E+001  1.529078428E+002 
 9.747000000E-003 -1.016866966E+001  1.831130525E+001  1.016863941E+001  1.525295911E+002 
 9.748000000E-003 -1.014349965E+001  1.853124630E+001  1.014346943E+001  1.521520415E+002 
 9.749000000E-003 -1.011839194E+001  1.875118735E+001  1.011836176E+001  1.517754264E+002 
 9.750000000E-003 -1.009334638E+001  1.897112840E+001  1.009331624E+001  1.513997436E+002 
 9.751000000E-003 -1.006836281E+001  1.919106944E+001  1.006833271E+001  1.510249906E+002 
 9.752000000E-003 -1.004344108E+001  1.941101048E+001  1.004341102E+001  1.506511653E+002 
 9.753000000E-003 -1.001858104E+001  1.963095151E+001  1.001855101E+001  1.502782652E+002 
 9.754000000E-003 -9.993782537E+000  1.985089254E+001  9.993752547E+000  1.499062882E+002 
 9.755000000E-003 -9.969045415E+000  2.007083357E+001  9.969015461E+000  1.495352319E+002 
 9.756000000E-003 -9.944369523E+000  2.029077459E+001  9.944339606E+000  1.491650941E+002 
 9.757000000E-003 -9.919754710E+000  2.051071561E+001  9.919724830E+000  1.487958725E+002 
 9.758000000E-003 -9.895200825E+000  2.073065663E+001  9.895170982E+000  1.484275647E+002 
 9.759000000E-003 -9.870707717E+000  2.095059764E+001  9.870677911E+000  1.480601687E+002 
 9.760000000E-003 -9.846275235E+000  2.117053865E+001  9.846245466E+000  1.476936820E+002 
 9.761000000E-003 -9.821903231E+000  2.139047965E+001  9.821873498E+000  1.473281025E+002 
 9.762000000E-003 -9.797591552E+000  2.161042066E+001  9.797561856E+000  1.469634278E+002 
 9.763000000E-003 -9.773340052E+000  2.183036166E+001  9.773310392E+000  1.465996559E+002 
 9.764000000E-003  1.212332375E+001  2.189220613E+001  9.768852734E+000  1.465327910E+002 
 9.765000000E-003  1.187838683E+001  2.167685941E+001  9.798442879E+000  1.469766432E+002 
 9.766000000E-003  1.163342297E+001  2.146103042E+001  9.827577711E+000  1.474136657E+002 
 9.767000000E-003  1.138843212E+001  2.124456732E+001  9.856105413E+000  1.478415812E+002 
 9.768000000E-003  1.114342769E+001  2.102748345E+001  9.884025933E+000  1.482603890E+002 
 9.769000000E-003  1.089842305E+001  2.080979218E+001  9.911339255E+000  1.486700888E+002 
 9.770000000E-003  1.065343155E+001  2.059150685E+001  9.938045395E+000  1.490706809E+002 
 9.771000000E-003  1.040846648E+001  2.037264083E+001  9.964144401E+000  1.494621660E+002 
 9.772000000E-003  1.016354112E+001  2.015320746E+001  9.989636356E+000  1.498445453E+002 
 9.773000000E-003  9.918668696E+000  1.993322009E+001  1.001452137E+001  1.502178206E+002 
 9.774000000E-003  9.673862416E+000  1.971269208E+001  1.003879960E+001  1.505819941E+002 
 9.775000000E-003  9.429135441E+000  1.949163676E+001  1.006247122E+001  1.509370684E+002 
 9.776000000E-003  9.184500899E+000  1.927006748E+001  1.008553645E+001  1.512830467E+002 
 9.777000000E-003  8.939971877E+000  1.904799756E+001  1.010799552E+001  1.516199328E+002 
 9.778000000E-003  8.695561427E+000  1.882544035E+001  1.012984872E+001  1.519477309E+002 
 9.779000000E-003  8.451282562E+000  1.860240915E+001  1.015109636E+001  1.522664454E+002 
 9.780000000E-003  8.207148253E+000  1.837891729E+001  1.017173878E+001  1.525760817E+002 
 9.781000000E-003  7.963171435E+000  1.815497807E+001  1.019177635E+001  1.528766453E+002 
 9.782000000E-003 -1.020310261E+001  1.801138922E+001  1.020307231E+001  1.530460846E+002 
 9.783000000E-003 -1.017786300E+001  1.823133028E+001  1.017783273E+001  1.526674910E+002 
 9.784000000E-003 -1.015267023E+001  1.845127133E+001  1.015264000E+001  1.522896000E+002 
 9.785000000E-003 -1.012753982E+001  1.867121238E+001  1.012750963E+001  1.519126444E+002 
 9.786000000E-003 -1.010247162E+001  1.889115343E+001  1.010244146E+001  1.515366219E+002 
 9.787000000E-003 -1.007746546E+001  1.911109447E+001  1.007743534E+001  1.511615302E+002 
 9.788000000E-003 -1.005252120E+001  1.933103551E+001  1.005249112E+001  1.507873668E+002 
 9.789000000E-003 -1.002763869E+001  1.955097654E+001  1.002760864E+001  1.504141297E+002 
 9.790000000E-003 -1.000281776E+001  1.977091758E+001  1.000278776E+001  1.500418163E+002 
 9.791000000E-003 -9.978058274E+000  1.999085860E+001  9.978028307E+000  1.496704246E+002 
 9.792000000E-003 -9.953360072E+000  2.021079963E+001  9.953330143E+000  1.492999521E+002 
 9.793000000E-003 -9.928723006E+000  2.043074065E+001  9.928693113E+000  1.489303967E+002 
 9.794000000E-003 -9.904146922E+000  2.065068167E+001  9.904117066E+000  1.485617560E+002 
 9.795000000E-003 -9.879631670E+000  2.087062268E+001  9.879601851E+000  1.481940278E+002 
 9.796000000E-003 -9.855177099E+000  2.109056369E+001  9.855147317E+000  1.478272098E+002 
 9.797000000E-003 -9.830783060E+000  2.131050470E+001  9.830753314E+000  1.474612997E+002 
 9.798000000E-003 -9.806449402E+000  2.153044570E+001  9.806419693E+000  1.470962954E+002 
 9.799000000E-003 -9.782175976E+000  2.175038670E+001  9.782146303E+000  1.467321945E+002 
 9.800000000E-003 -9.757962633E+000  2.197032770E+001  9.757932996E+000  1.463689949E+002 
 9.801000000E-003  1.196744398E+001  2.175521750E+001  9.787743844E+000  1.468161577E+002 
 9.802000000E-003  1.172248431E+001  2.153946166E+001  9.816947627E+000  1.472542144E+002 
 9.803000000E-003  1.147750409E+001  2.132322993E+001  9.845696063E+000  1.476854409E+002 
 9.804000000E-003  1.123250543E+001  2.110637258E+001  9.873837339E+000  1.481075601E+002 
 9.805000000E-003  1.098750169E+001  2.088890296E+001  9.901371425E+000  1.485205714E+002 
 9.806000000E-003  1.074250623E+001  2.067083444E+001  9.928298324E+000  1.489244749E+002 
 9.807000000E-003  1.049753236E+001  2.045218037E+001  9.954618075E+000  1.493192711E+002 
 9.808000000E-003  1.025259338E+001  2.023295409E+001  9.980330746E+000  1.497049612E+002 
 9.809000000E-003  1.000770252E+001  2.001316897E+001  1.000543644E+001  1.500815466E+002 
 9.810000000E-003  9.762873002E+000  1.979283834E+001  1.002993530E+001  1.504490294E+002 
 9.811000000E-003  9.518118001E+000  1.957197556E+001  1.005382748E+001  1.508074122E+002 
 9.812000000E-003  9.273450658E+000  1.935059396E+001  1.007711319E+001  1.511566978E+002 
 9.813000000E-003  9.028884074E+000  1.912870689E+001  1.009979266E+001  1.514968899E+002 
 9.814000000E-003  8.784431315E+000  1.890632766E+001  1.012186616E+001  1.518279924E+002 
 9.815000000E-003  8.540105407E+000  1.868346961E+001  1.014333399E+001  1.521500098E+002 
 9.816000000E-003  8.295919337E+000  1.846014606E+001  1.016419647E+001  1.524629471E+002 
 9.817000000E-003  8.051886053E+000  1.823637031E+001  1.018445398E+001  1.527668097E+002 
 9.818000000E-003  7.808018461E+000  1.801215566E+001  1.020410690E+001  1.530616034E+002 
 9.819000000E-003 -1.018693808E+001  1.815126375E+001  1.018690780E+001  1.528036170E+002 
 9.820000000E-003 -1.016173845E+001  1.837120481E+001  1.016170821E+001  1.524256231E+002 
 9.821000000E-003 -1.013658559E+001  1.859114586E+001  1.013655539E+001  1.520483308E+002 
 9.822000000E-003 -1.011149500E+001  1.881108691E+001  1.011146483E+001  1.516719725E+002 
 9.823000000E-003 -1.008646651E+001  1.903102795E+001  1.008643638E+001  1.512965457E+002 
 9.824000000E-003 -1.006149997E+001  1.925096899E+001  1.006146988E+001  1.509220482E+002 
 9.825000000E-003 -1.003659523E+001  1.947091003E+001  1.003656517E+001  1.505484776E+002 
 9.826000000E-003 -1.001175213E+001  1.969085106E+001  1.001172212E+001  1.501758317E+002 
 9.827000000E-003 -9.986970532E+000  1.991079209E+001  9.986940552E+000  1.498041083E+002 
 9.828000000E-003 -9.962250271E+000  2.013073312E+001  9.962220328E+000  1.494333049E+002 
 9.829000000E-003 -9.937591199E+000  2.035067414E+001  9.937561293E+000  1.490634194E+002 
 9.830000000E-003 -9.912993164E+000  2.057061516E+001  9.912963295E+000  1.486944494E+002 
 9.831000000E-003 -9.888456016E+000  2.079055617E+001  9.888426183E+000  1.483263927E+002 
 9.832000000E-003 -9.863979603E+000  2.101049718E+001  9.863949807E+000  1.479592471E+002 
 9.833000000E-003 -9.839563775E+000  2.123043819E+001  9.839534016E+000  1.475930102E+002 
 9.834000000E-003 -9.815208383E+000  2.145037920E+001  9.815178660E+000  1.472276799E+002 
 9.835000000E-003 -9.790913276E+000  2.167032020E+001  9.790883590E+000  1.468632538E+002 
 9.836000000E-003 -9.766678306E+000  2.189026120E+001  9.766648656E+000  1.464997298E+002 
 9.837000000E-003  1.205649865E+001  2.183341179E+001  9.776883471E+000  1.466532521E+002 
 9.838000000E-003  1.181155347E+001  2.161789117E+001  9.806307986E+000  1.470946198E+002 
 9.839000000E-003  1.156658408E+001  2.140189102E+001  9.835277178E+000  1.475291577E+002 
 9.840000000E-003  1.132159137E+001  2.118526039E+001  9.863639229E+000  1.479545884E+002 
 9.841000000E-003  1.107658871E+001  2.096801265E+001  9.891394099E+000  1.483709115E+002 
 9.842000000E-003  1.083158948E+001  2.075016114E+001  9.918541780E+000  1.487781267E+002 
 9.843000000E-003  1.058660701E+001  2.053171922E+001  9.945082296E+000  1.491762344E+002 
 9.844000000E-003  1.034165459E+001  2.031270025E+001  9.971015706E+000  1.495652356E+002 
 9.845000000E-003  1.009674548E+001  2.009311757E+001  9.996342100E+000  1.499451315E+002 
 9.846000000E-003  9.851892909E+000  1.987298454E+001  1.002106160E+001  1.503159240E+002 
 9.847000000E-003  9.607110066E+000  1.965231450E+001  1.004517437E+001  1.506776155E+002 
 9.848000000E-003  9.362410103E+000  1.943112080E+001  1.006868059E+001  1.510302088E+002 
 9.849000000E-003  9.117806139E+000  1.920941676E+001  1.009158049E+001  1.513737073E+002 
 9.850000000E-003  8.873311250E+000  1.898721573E+001  1.011387431E+001  1.517081147E+002 
 9.851000000E-003  8.628938478E+000  1.876453104E+001  1.013556235E+001  1.520334353E+002 
 9.852000000E-003  8.384700825E+000  1.854137599E+001  1.015664493E+001  1.523496740E+002 
 9.853000000E-003  8.140611251E+000  1.831776391E+001  1.017712239E+001  1.526568359E+002 
 9.854000000E-003  7.896682678E+000  1.809370810E+001  1.019699512E+001  1.529549269E+002 
 9.855000000E-003 -1.019604941E+001  1.807123426E+001  1.019601912E+001  1.529402868E+002 
 9.856000000E-003 -1.017082725E+001  1.829117532E+001  1.017079699E+001  1.525619549E+002 
 9.857000000E-003 -1.014565190E+001  1.851111637E+001  1.014562168E+001  1.521843252E+002 
 9.858000000E-003 -1.012053886E+001  1.873105742E+001  1.012050868E+001  1.518076302E+002 
 9.859000000E-003 -1.009548798E+001  1.895099846E+001  1.009545784E+001  1.514318676E+002 
 9.860000000E-003 -1.007049911E+001  1.917093950E+001  1.007046901E+001  1.510570351E+002 
 9.861000000E-003 -1.004557210E+001  1.939088054E+001  1.004554203E+001  1.506831304E+002 
 9.862000000E-003 -1.002070678E+001  1.961082158E+001  1.002067675E+001  1.503101513E+002 
 9.863000000E-003 -9.995903016E+000  1.983076261E+001  9.995873022E+000  1.499380953E+002 
 9.864000000E-003 -9.971160645E+000  2.005070364E+001  9.971130688E+000  1.495669603E+002 
 9.865000000E-003 -9.946479517E+000  2.027064466E+001  9.946449597E+000  1.491967440E+002 
 9.866000000E-003 -9.921859481E+000  2.049058568E+001  9.921829599E+000  1.488274440E+002 
 9.867000000E-003 -9.897300387E+000  2.071052670E+001  9.897270541E+000  1.484590581E+002 
 9.868000000E-003 -9.872802082E+000  2.093046771E+001  9.872772272E+000  1.480915841E+002 
 9.869000000E-003 -9.848364416E+000  2.115040872E+001  9.848334644E+000  1.477250197E+002 
 9.870000000E-003 -9.823987240E+000  2.137034972E+001  9.823957504E+000  1.473593626E+002 
 9.871000000E-003 -9.799670403E+000  2.159029073E+001  9.799640704E+000  1.469946106E+002 
 9.872000000E-003 -9.775413757E+000  2.181023173E+001  9.775384094E+000  1.466307614E+002 
 9.873000000E-003  1.214558504E+001  2.191164188E+001  9.766027193E+000  1.464904079E+002 
 9.874000000E-003  1.190065417E+001  2.169635639E+001  9.795672520E+000  1.469350878E+002 
 9.875000000E-003  1.165569544E+001  2.148058772E+001  9.824862545E+000  1.473729382E+002 
 9.876000000E-003  1.141070850E+001  2.126418373E+001  9.853445449E+000  1.478016817E+002 
 9.877000000E-003  1.116570676E+001  2.104715776E+001  9.881421181E+000  1.482213177E+002 
 9.878000000E-003  1.092070359E+001  2.082952317E+001  9.908789719E+000  1.486318458E+002 
 9.879000000E-003  1.067571233E+001  2.061129331E+001  9.935551077E+000  1.490332662E+002 
 9.880000000E-003  1.043074630E+001  2.039248154E+001  9.961705301E+000  1.494255795E+002 
 9.881000000E-003  1.018581876E+001  2.017310121E+001  9.987252469E+000  1.498087870E+002 
 9.882000000E-003  9.940942955E+000  1.995316567E+001  1.001219269E+001  1.501828904E+002 
 9.883000000E-003  9.696132088E+000  1.973268826E+001  1.003652612E+001  1.505478918E+002 
 9.884000000E-003  9.451399326E+000  1.951168234E+001  1.006025293E+001  1.509037939E+002 
 9.885000000E-003  9.206757797E+000  1.929016124E+001  1.008337332E+001  1.512505998E+002 
 9.886000000E-003  8.962220595E+000  1.906813830E+001  1.010588754E+001  1.515883131E+002 
 9.887000000E-003  8.717800774E+000  1.884562684E+001  1.012779587E+001  1.519169381E+002 
 9.888000000E-003  8.473511350E+000  1.862264019E+001  1.014909861E+001  1.522364792E+002 
 9.889000000E-003  8.229365299E+000  1.839919166E+001  1.016979610E+001  1.525469416E+002 
 9.890000000E-003  7.985375558E+000  1.817529456E+001  1.018988872E+001  1.528483308E+002 
 9.891000000E-003 -1.020532578E+001  1.799135069E+001  1.020529547E+001  1.530794321E+002 
 9.892000000E-003 -1.018008067E+001  1.821129175E+001  1.018005040E+001  1.527007560E+002 
 9.893000000E-003 -1.015488241E+001  1.843123280E+001  1.015485218E+001  1.523227827E+002 
 9.894000000E-003 -1.012974652E+001  1.865117385E+001  1.012971633E+001  1.519457450E+002 
 9.895000000E-003 -1.010467286E+001  1.887111490E+001  1.010464270E+001  1.515696405E+002 
 9.896000000E-003 -1.007966125E+001  1.909105594E+001  1.007963113E+001  1.511944670E+002 
 9.897000000E-003 -1.005471156E+001  1.931099698E+001  1.005468148E+001  1.508202222E+002 
 9.898000000E-003 -1.002982362E+001  1.953093802E+001  1.002979358E+001  1.504469037E+002 
 9.899000000E-003 -1.000499729E+001  1.975087905E+001  1.000496728E+001  1.500745092E+002 
 9.900000000E-003 -9.980232407E+000  1.997082008E+001  9.980202437E+000  1.497030366E+002 
 9.901000000E-003 -9.955528825E+000  2.019076110E+001  9.955498891E+000  1.493324834E+002 
 9.902000000E-003 -9.930886390E+000  2.041070212E+001  9.930856493E+000  1.489628474E+002 
 9.903000000E-003 -9.906304951E+000  2.063064314E+001  9.906275091E+000  1.485941264E+002 
 9.904000000E-003 -9.881784357E+000  2.085058416E+001  9.881754535E+000  1.482263180E+002 
 9.905000000E-003 -9.857324458E+000  2.107052517E+001  9.857294672E+000  1.478594201E+002 
 9.906000000E-003 -9.832925104E+000  2.129046617E+001  9.832895354E+000  1.474934303E+002 
 9.907000000E-003 -9.808586144E+000  2.151040718E+001  9.808556431E+000  1.471283465E+002 
 9.908000000E-003 -9.784307429E+000  2.173034818E+001  9.784277752E+000  1.467641663E+002 
 9.909000000E-003 -9.760088810E+000  2.195028918E+001  9.760059170E+000  1.464008875E+002 
 9.910000000E-003  1.198973808E+001  2.177474531E+001  9.784977558E+000  1.467746634E+002 
 9.911000000E-003  1.174478308E+001  2.155904940E+001  9.814236601E+000  1.472135490E+002 
 9.912000000E-003  1.149980661E+001  2.134287668E+001  9.843040306E+000  1.476456046E+002 
 9.913000000E-003  1.125481047E+001  2.112607714E+001  9.871236857E+000  1.480685529E+002 
 9.914000000E-003  1.100980804E+001  2.090866411E+001  9.898826224E+000  1.484823934E+002 
 9.915000000E-003  1.076481267E+001  2.069065096E+001  9.925808405E+000  1.488871261E+002 
 9.916000000E-003  1.051983768E+001  2.047205104E+001  9.952183437E+000  1.492827516E+002 
 9.917000000E-003  1.027489636E+001  2.025287771E+001  9.977951385E+000  1.496692708E+002 
 9.918000000E-003  1.003000195E+001  2.003314431E+001  1.000311235E+001  1.500466852E+002 
 9.919000000E-003  9.785167685E+000  1.981286419E+001  1.002766646E+001  1.504149969E+002 
 9.920000000E-003  9.540406732E+000  1.959205070E+001  1.005161389E+001  1.507742084E+002 
 9.921000000E-003  9.295732237E+000  1.937071718E+001  1.007495483E+001  1.511243225E+002 
 9.922000000E-003  9.051157307E+000  1.914887697E+001  1.009768951E+001  1.514653427E+002 
 9.923000000E-003  8.806695009E+000  1.892654339E+001  1.011981820E+001  1.517972731E+002 
 9.924000000E-003  8.562358374E+000  1.870372978E+001  1.014134119E+001  1.521201179E+002 
 9.925000000E-003  8.318160392E+000  1.848044945E+001  1.016225881E+001  1.524338822E+002 
 9.926000000E-003  8.074114014E+000  1.825671571E+001  1.018257142E+001  1.527385713E+002 
 9.927000000E-003  7.830232151E+000  1.803254186E+001  1.020227941E+001  1.530341911E+002 
 9.928000000E-003 -1.018915155E+001  1.813124427E+001  1.018912127E+001  1.528368190E+002 
 9.929000000E-003 -1.016394645E+001  1.835118533E+001  1.016391620E+001  1.524587430E+002 
 9.930000000E-003 -1.013878813E+001  1.857112638E+001  1.013875792E+001  1.520813688E+002 
 9.931000000E-003 -1.011369208E+001  1.879106742E+001  1.011366191E+001  1.517049286E+002 
 9.932000000E-003 -1.008865815E+001  1.901100847E+001  1.008862802E+001  1.513294203E+002 
 9.933000000E-003 -1.006368619E+001  1.923094951E+001  1.006365609E+001  1.509548414E+002 
 9.934000000E-003 -1.003877604E+001  1.945089055E+001  1.003874598E+001  1.505811897E+002 
 9.935000000E-003 -1.001392754E+001  1.967083158E+001  1.001389752E+001  1.502084628E+002 
 9.936000000E-003 -9.989140557E+000  1.989077261E+001  9.989110573E+000  1.498366586E+002 
 9.937000000E-003 -9.964414924E+000  2.011071364E+001  9.964384978E+000  1.494657747E+002 
 9.938000000E-003 -9.939750494E+000  2.033065466E+001  9.939720584E+000  1.490958088E+002 
 9.939000000E-003 -9.915147114E+000  2.055059568E+001  9.915117242E+000  1.487267586E+002 
 9.940000000E-003 -9.890604634E+000  2.077053669E+001  9.890574798E+000  1.483586220E+002 
 9.941000000E-003 -9.866122903E+000  2.099047771E+001  9.866093104E+000  1.479913966E+002 
 9.942000000E-003 -9.841701770E+000  2.121041871E+001  9.841672007E+000  1.476250801E+002 
 9.943000000E-003 -9.817341085E+000  2.143035972E+001  9.817311360E+000  1.472596704E+002 
 9.944000000E-003 -9.793040700E+000  2.165030072E+001  9.793011010E+000  1.468951652E+002 
 9.945000000E-003 -9.768800464E+000  2.187024172E+001  9.768770811E+000  1.465315622E+002 
 9.946000000E-003  1.207881906E+001  2.185295803E+001  9.774109310E+000  1.466116396E+002 
 9.947000000E-003  1.183387865E+001  2.163749751E+001  9.803589152E+000  1.470538373E+002 
 9.948000000E-003  1.158891312E+001  2.142155655E+001  9.832613677E+000  1.474892052E+002 
 9.949000000E-003  1.134392303E+001  2.120498389E+001  9.861031070E+000  1.479154660E+002 
 9.950000000E-003  1.109892179E+001  2.098779291E+001  9.888841286E+000  1.483326193E+002 
 9.951000000E-003  1.085392275E+001  2.076999694E+001  9.916044316E+000  1.487406647E+002 
 9.952000000E-003  1.060893925E+001  2.055160934E+001  9.942640179E+000  1.491396027E+002 
 9.953000000E-003  1.036398459E+001  2.033264347E+001  9.968628932E+000  1.495294340E+002 
 9.954000000E-003  1.011907203E+001  2.011311268E+001  9.994010663E+000  1.499101599E+002 
 9.955000000E-003  9.874214800E+000  1.989303032E+001  1.001878549E+001  1.502817824E+002 
 9.956000000E-003  9.629426096E+000  1.967240973E+001  1.004295357E+001  1.506443036E+002 
 9.957000000E-003  9.384719072E+000  1.945126426E+001  1.006651509E+001  1.509977264E+002 
 9.958000000E-003  9.140106849E+000  1.922960725E+001  1.008947027E+001  1.513420540E+002 
 9.959000000E-003  8.895602508E+000  1.900745202E+001  1.011181935E+001  1.516772902E+002 
 9.960000000E-003  8.651219094E+000  1.878481192E+001  1.013356262E+001  1.520034393E+002 
 9.961000000E-003  8.406969612E+000  1.856170025E+001  1.015470040E+001  1.523205060E+002 
 9.962000000E-003  8.162867026E+000  1.833813033E+001  1.017523304E+001  1.526284955E+002 
 9.963000000E-003  7.918924262E+000  1.811411546E+001  1.019516091E+001  1.529274136E+002 
 9.964000000E-003 -1.019829607E+001  1.805126443E+001  1.019826577E+001  1.529739865E+002 
 9.965000000E-003 -1.017306834E+001  1.827120549E+001  1.017303808E+001  1.525955712E+002 
 9.966000000E-003 -1.014788744E+001  1.849114654E+001  1.014785722E+001  1.522178583E+002 
 9.967000000E-003 -1.012276887E+001  1.871108759E+001  1.012273869E+001  1.518410803E+002 
 9.968000000E-003 -1.009771247E+001  1.893102863E+001  1.009768233E+001  1.514652349E+002 
 9.969000000E-003 -1.007271810E+001  1.915096967E+001  1.007268799E+001  1.510903199E+002 
 9.970000000E-003 -1.004778559E+001  1.937091071E+001  1.004775552E+001  1.507163328E+002 
 9.971000000E-003 -1.002291480E+001  1.959085175E+001  1.002288476E+001  1.503432715E+002 
 9.972000000E-003 -9.998105566E+000  1.981079278E+001  9.998075568E+000  1.499711335E+002 
 9.973000000E-003 -9.973357742E+000  2.003073381E+001  9.973327782E+000  1.495999167E+002 
 9.974000000E-003 -9.948671176E+000  2.025067483E+001  9.948641253E+000  1.492296188E+002 
 9.975000000E-003 -9.924045716E+000  2.047061585E+001  9.924015830E+000  1.488602374E+002 
 9.976000000E-003 -9.899481209E+000  2.069055687E+001  9.899451360E+000  1.484917704E+002 
 9.977000000E-003 -9.874977506E+000  2.091049788E+001  9.874947694E+000  1.481242154E+002 
 9.978000000E-003 -9.850534456E+000  2.113043889E+001  9.850504680E+000  1.477575702E+002 
 9.979000000E-003 -9.826151908E+000  2.135037990E+001  9.826122169E+000  1.473918325E+002 
 9.980000000E-003 -9.801829714E+000  2.157032090E+001  9.801800011E+000  1.470270002E+002 
 9.981000000E-003 -9.777567723E+000  2.179026190E+001  9.777538057E+000  1.466630708E+002 
 9.982000000E-003  1.216792639E+001  2.193123690E+001  9.763280855E+000  1.464492128E+002 
 9.983000000E-003  1.192299965E+001  2.171601089E+001  9.792981559E+000  1.468947234E+002 
 9.984000000E-003  1.167804411E+001  2.150030081E+001  9.822226967E+000  1.473334045E+002 
 9.985000000E-003  1.143305913E+001  2.128395417E+001  9.850865261E+000  1.477629789E+002 
 9.986000000E-003  1.118805814E+001  2.106698434E+001  9.878896385E+000  1.481834458E+002 
 9.987000000E-003  1.094305449E+001  2.084940467E+001  9.906320316E+000  1.485948047E+002 
 9.988000000E-003  1.069806155E+001  2.063122852E+001  9.933137065E+000  1.489970560E+002 
 9.989000000E-003  1.045309262E+001  2.041246923E+001  9.959346673E+000  1.493902001E+002 
 9.990000000E-003  1.020816097E+001  2.019314016E+001  9.984949218E+000  1.497742383E+002 
 9.991000000E-003  9.963279849E+000  1.997325467E+001  1.000994481E+001  1.501491721E+002 
 9.992000000E-003  9.718462463E+000  1.975282610E+001  1.003433358E+001  1.505150038E+002 
 9.993000000E-003  9.473721983E+000  1.953186779E+001  1.005811572E+001  1.508717358E+002 
 9.994000000E-003  9.229071540E+000  1.931039309E+001  1.008129143E+001  1.512193714E+002 
 9.995000000E-003  8.984524231E+000  1.908841532E+001  1.010386094E+001  1.515579140E+002 
 9.996000000E-003  8.740093114E+000  1.886594783E+001  1.012582453E+001  1.518873679E+002 
 9.997000000E-003  8.495791208E+000  1.864300393E+001  1.014718250E+001  1.522077375E+002 
 9.998000000E-003  8.251631494E+000  1.841959694E+001  1.016793519E+001  1.525190279E+002 
 9.999000000E-003  8.007626910E+000  1.819574017E+001  1.018808297E+001  1.528212446E+002 
 1.000000000E-002  7.763790358E+000  1.797144691E+001  1.020762624E+001  1.531143936E+002 
